#OK
#SQL= select p.* from MDR1..FOFParticles f, MDR1..particles p where f.fofParticleId like '85000382476_%' and f.particleId = p.particleId order by f.fofParticleId asc
#MAXROWS UNLIMITED
#QUERYTIMEOUT 2400 sec
#DATE 2013-10-08 16:01:39.806 CEST
#QUERYTIME 161 millisec
#COLUMN 1 name=particleId JDBC_TYPE=-5 JDBC_TYPENAME=bigint
#COLUMN 2 name=snapnum JDBC_TYPE=5 JDBC_TYPENAME=smallint
#COLUMN 3 name=x JDBC_TYPE=7 JDBC_TYPENAME=real
#COLUMN 4 name=y JDBC_TYPE=7 JDBC_TYPENAME=real
#COLUMN 5 name=z JDBC_TYPE=7 JDBC_TYPENAME=real
#COLUMN 6 name=vx JDBC_TYPE=7 JDBC_TYPENAME=real
#COLUMN 7 name=vy JDBC_TYPE=7 JDBC_TYPENAME=real
#COLUMN 8 name=vz JDBC_TYPE=7 JDBC_TYPENAME=real
#COLUMN 9 name=phkey JDBC_TYPE=4 JDBC_TYPENAME=int
particleId,snapnum,x,y,z,vx,vy,vz,phkey
854259471210,85,480.2035,526.3423,498.5562,-338.8638,-399.7999,424.7364,215698381
854260486975,85,480.7157,526.8867,498.6554,15.7583,-185.3079,-308.1378,215697969
854260486976,85,480.7584,526.8428,498.6269,15.8012,-255.7002,-300.0312,215697969
854260503340,85,480.3612,526.6329,498.7969,179.5646,-399.4407,-178.8088,215698382
854260503347,85,480.6859,526.391,498.6361,-183.0011,-819.5363,-135.0757,215697969
854260503348,85,480.3301,526.6647,498.6156,-200.6058,-386.1232,300.3194,215698382
854260503354,85,480.6432,526.3078,498.3533,-564.9452,-311.9598,29.8512,215697970
854260503355,85,480.718,526.5693,498.8413,-78.6679,-403.6972,-378.8214,215697969
854260503356,85,480.7203,526.3869,498.6984,-133.085,-114.9264,-409.0908,215697969
854260503362,85,480.5802,526.2526,498.759,-332.5588,-265.5095,301.7778,215697970
854260503363,85,480.3344,526.6368,498.8109,41.0459,-279.4232,-148.1938,215698382
854260503364,85,480.8113,526.3748,498.6811,-648.8107,-127.3291,-106.67,215697969
854260503365,85,480.3199,526.4725,498.9633,-249.7659,-338.7079,95.6409,215698382
854260503372,85,480.7847,526.647,498.9914,-404.5281,-206.2951,-107.9981,215697969
854260503383,85,480.2086,526.4583,498.7324,17.9298,-55.6278,-283.6808,215698382
854261535543,85,480.5252,526.8489,498.8523,123.7816,-206.8201,-70.8119,215697969
854261535544,85,480.715,526.2559,498.389,-533.8474,-307.3322,95.1623,215697970
854261535550,85,480.7402,526.3713,498.9366,-275.572,170.5132,-131.7227,215697969
854261535552,85,480.6151,526.3731,498.3441,-346.9576,-475.4778,219.4795,215697969
854261551898,85,480.6255,526.5523,498.7972,151.4705,-501.2502,-434.1838,215697969
854261551899,85,480.7396,526.4813,498.655,-94.7172,-557.5855,-528.3817,215697969
854261551906,85,480.4268,526.4408,498.5138,-271.8889,-53.6329,315.2376,215698382
854261551907,85,480.8407,526.4637,498.6705,-505.9675,-383.2249,-255.673,215697969
854261551908,85,480.4549,526.5366,498.6423,-573.1234,-154.5765,264.268,215698382
854261551909,85,480.2161,526.3517,498.7545,98.7771,-422.9328,-155.8981,215698381
854261551913,85,480.5612,526.6488,498.8008,-38.4122,-413.2721,-202.5606,215697969
854261551914,85,480.5184,526.4786,498.6409,-145.5858,201.5849,198.1108,215697969
854261551915,85,480.2669,526.4521,498.6289,-141.4072,-166.0635,46.6503,215698382
854261551916,85,480.5406,526.4186,498.6041,-297.6886,-204.2778,-18.1974,215697969
854261551921,85,480.5352,526.645,498.7799,17.0044,-87.8444,-115.9136,215697969
854261551922,85,480.77,526.4749,498.7711,79.9866,-428.1872,-21.43,215697969
854261551923,85,480.4619,526.4643,498.5763,-193.3714,-125.8123,38.1221,215698382
854261551924,85,480.5654,526.4365,498.6065,-571.5765,-485.1197,-90.6334,215697969
854261551925,85,480.6212,526.4766,498.5854,-530.7991,-244.3048,210.6343,215697969
854261551926,85,480.9306,526.838,498.6024,-485.0241,-369.3466,-11.3032,215697969
854261551929,85,480.5127,526.3447,498.7032,-286.3391,-311.8844,332.0526,215697970
854261551930,85,480.5568,526.5775,498.7053,-69.1501,153.279,5.2785,215697969
854261551931,85,480.679,526.3919,498.8171,-296.9171,-282.7404,-119.127,215697969
854261551932,85,480.6085,526.575,498.6485,-465.2633,-102.9739,-134.4572,215697969
854261551933,85,480.3467,526.4794,498.9135,-132.5223,-373.3566,-40.8118,215698382
854261551934,85,480.4944,526.5986,498.6513,-663.2602,-442.2421,164.6556,215697969
854261551935,85,480.5843,526.7754,498.6891,-510.1379,-572.7137,-17.6818,215697969
854261551936,85,480.6962,526.2704,498.6257,52.7643,15.8398,100.6904,215697970
854261551938,85,480.5389,526.4872,498.5475,-238.7184,-825.7163,-6.9422,215697969
854261551939,85,480.604,526.5922,498.7233,-338.7743,-571.0612,-295.1939,215697969
854261551940,85,480.4554,526.4196,498.7106,-26.9387,-332.1335,95.3394,215698382
854261551941,85,480.5182,526.4715,498.7228,-266.8075,-544.6033,408.0046,215697969
854261551942,85,480.6462,526.6288,498.6182,-507.3299,72.2466,47.1236,215697969
854261551943,85,480.511,526.8839,498.7119,-404.7696,-538.2454,-20.799,215697969
854261551947,85,481.0574,526.4836,498.6737,-360.3047,-343.1867,164.1001,215697969
854261551950,85,480.6194,526.4073,498.6689,113.2975,189.4878,-114.0613,215697969
854261551951,85,480.1887,526.4368,498.7069,-348.2684,-548.5703,-78.6864,215698382
854261551957,85,480.9262,526.4693,498.6573,-295.5976,-413.1329,255.3033,215697969
854261551958,85,480.6209,526.2993,498.8545,-314.4281,-570.7352,153.937,215697970
854261551960,85,480.8692,526.4589,498.6166,-434.9218,106.2162,67.1468,215697969
854261568313,85,480.6726,526.2791,498.6278,39.6471,71.7236,69.6801,215697970
854262584096,85,480.6548,526.72,498.8083,57.6751,-611.9638,-84.8303,215697969
854262584104,85,480.8891,526.7708,498.6497,-198.8765,-435.839,-78.0691,215697969
854262584111,85,480.4698,526.6824,498.7584,-13.0693,39.481,78.8077,215697969
854262584112,85,480.7975,526.5339,498.6566,32.6954,-465.1328,-0.3524,215697969
854262584119,85,480.9055,526.7367,498.8148,-217.3659,-133.878,-230.1782,215697969
854262584120,85,480.4411,526.3137,498.5999,-164.3162,26.9501,90.6055,215698381
854262584127,85,480.5518,526.8243,498.8025,-275.743,-218.8364,-285.8372,215697969
854262584128,85,480.582,526.3182,498.8827,-140.3725,-155.2015,96.8676,215697970
854262584136,85,480.7175,526.0535,498.5544,-196.6424,-240.1103,107.6818,215697970
854262600466,85,480.5745,526.3519,498.3002,-388.6712,-216.1684,14.89,215697970
854262600467,85,480.6799,526.3472,498.3597,-379.7943,-360.2005,-207.8218,215697970
854262600473,85,480.5034,526.3709,498.5245,-397.8611,-174.3265,-118.1452,215697969
854262600474,85,480.4939,526.5836,498.7216,198.6973,-337.1884,-95.8489,215697969
854262600475,85,480.4325,526.6,498.8189,-14.2399,-315.5328,-55.213,215698382
854262600476,85,480.5513,526.4975,498.595,-769.4134,-1.6751,131.0815,215697969
854262600477,85,480.9459,526.8671,498.5841,-422.496,-257.3101,11.9449,215697969
854262600481,85,480.6064,526.5618,498.6491,-208.1185,-201.0601,-287.6956,215697969
854262600482,85,480.6131,526.5118,498.7293,-706.4017,-655.3922,-75.1758,215697969
854262600483,85,480.621,526.503,498.7826,-417.8866,-305.0109,-394.3879,215697969
854262600484,85,480.576,526.5654,498.7227,-432.0915,-150.9915,-365.2066,215697969
854262600485,85,480.4233,526.5861,498.6886,11.044,-558.2155,97.1628,215698382
854262600486,85,480.6683,526.7233,498.5637,-517.3301,-446.3737,147.4359,215697969
854262600489,85,480.6331,526.4331,498.651,-137.449,13.2564,224.9243,215697969
854262600490,85,480.5766,526.48,498.7068,-173.4751,-115.4466,-196.8924,215697969
854262600491,85,480.5617,526.4921,498.6783,-417.914,-232.985,188.2744,215697969
854262600492,85,480.5117,526.5084,498.671,-380.4354,-245.1695,40.2033,215697969
854262600493,85,480.6507,526.5002,498.678,-747.9794,-373.2454,-31.7152,215697969
854262600494,85,480.7901,526.5184,498.6064,-354.2811,-290.7599,-143.8066,215697969
854262600497,85,480.4872,526.6201,498.707,-334.2602,-290.2688,-2.8745,215697969
854262600498,85,480.5696,526.4963,498.7059,133.3585,-209.0752,58.7204,215697969
854262600499,85,480.5893,526.5248,498.6681,-87.3662,-250.1539,-147.9242,215697969
854262600500,85,480.5538,526.4614,498.6166,-235.3166,-433.8943,-511.2431,215697969
854262600501,85,480.5809,526.4893,498.7334,-550.9288,-538.6309,-42.3445,215697969
854262600502,85,480.416,526.4392,498.6696,-447.0392,-417.1756,132.1279,215698382
854262600503,85,480.7463,526.298,498.8149,-47.2808,-260.9949,-83.3177,215697970
854262600504,85,480.8531,526.756,498.7728,-355.5988,-34.7552,0.5619,215697969
854262600505,85,480.5458,526.4811,498.5999,-664.9029,-627.6851,-49.3764,215697969
854262600506,85,480.5709,526.5625,498.6295,-359.0569,-391.0984,-15.2484,215697969
854262600507,85,480.5782,526.4833,498.686,-534.1793,-612.0142,-35.7194,215697969
854262600508,85,480.5201,526.5002,498.7183,116.4157,-530.5187,-86.5122,215697969
854262600509,85,480.5705,526.4875,498.7123,-266.0386,-540.3474,-63.5969,215697969
854262600510,85,480.6359,526.5683,498.7822,-634.2769,-370.3521,-222.5508,215697969
854262600511,85,480.4082,526.5984,498.6859,-601.0914,-413.1762,-25.7336,215698382
854262600512,85,480.505,526.9985,498.7024,-431.5688,-388.8227,-62.6532,215697969
854262600513,85,480.3549,526.6047,498.3915,-128.8002,-478.6714,-82.2232,215698382
854262600514,85,480.5792,526.4609,498.6654,177.2644,-146.6711,438.0698,215697969
854262600515,85,480.5927,526.4563,498.6258,-306.0461,55.6954,49.6717,215697969
854262600516,85,480.5838,526.6483,498.5451,-306.2033,-131.2363,-97.259,215697969
854262600517,85,480.544,526.5883,498.6724,-278.4549,-278.6638,175.5617,215697969
854262600518,85,480.5633,526.678,498.7163,-442.5826,-408.0203,-122.981,215697969
854262600519,85,480.7376,526.5627,498.7045,-608.395,-39.5209,-39.2751,215697969
854262600520,85,480.5626,526.9905,498.6748,-433.0919,-400.3709,-69.7108,215697969
854262600522,85,480.5886,526.5452,498.6087,-276.937,-424.4373,583.3989,215697969
854262600523,85,480.5502,526.4158,498.9236,-351.9984,-261.9964,-58.9093,215697969
854262600524,85,480.3115,526.4251,498.6617,-450.951,-363.3156,-191.1504,215698382
854262600525,85,480.6184,526.5588,498.5619,-210.9694,-342.7347,48.4991,215697969
854262600526,85,480.6306,526.5578,498.6614,-739.3965,-388.5901,-282.4172,215697969
854262600531,85,480.3948,526.524,498.6357,-228.7582,-150.1648,-482.389,215698382
854262600532,85,480.2301,526.5943,498.5676,-69.8377,-254.3472,-206.16,215698382
854262600533,85,480.6367,526.5974,498.431,-31.2671,-292.9102,-98.1523,215697969
854262600534,85,480.6536,526.4187,498.7285,-18.2274,-789.0524,48.9594,215697969
854262600536,85,480.2068,526.5938,498.7882,-365.723,-503.4527,-96.092,215698382
854262600540,85,480.8787,526.4051,498.8477,-481.1448,-300.902,155.5701,215697969
854262600544,85,480.3685,526.5389,498.3508,-75.0293,-98.6329,210.3168,215698382
854262616881,85,480.7416,526.5201,498.6807,-215.0396,253.6883,74.1681,215697969
854262616897,85,480.3818,526.1876,498.6721,62.8305,-99.6206,-42.3478,215698381
854262616898,85,480.2679,526.1802,498.6515,59.6107,-192.6148,-74.7875,215698381
854263632672,85,480.6154,526.403,498.6178,-508.2043,-394.8546,-246.6162,215697969
854263632679,85,480.6429,526.4116,498.6349,-803.4364,-357.6072,-69.9418,215697969
854263632680,85,480.6299,526.6286,498.7103,-326.2764,-393.5307,-189.0631,215697969
854263632687,85,480.7383,526.3394,498.7007,-440.7469,-368.5238,-16.2463,215697970
854263632688,85,480.5105,526.5536,498.673,-498.5986,-477.8915,-456.0041,215697969
854263632695,85,480.3118,526.2292,498.652,-263.498,-249.5016,57.9674,215698381
854263632696,85,480.5882,526.4865,498.7044,-534.9921,-615.6057,-516.297,215697969
854263632703,85,480.5559,526.9181,498.648,-289.0702,-341.1505,-191.9475,215697969
854263632704,85,480.5819,526.4498,498.6534,0.6814,-512.5339,-9.01,215697969
854263632711,85,480.4586,526.4059,498.5092,-332.7966,-744.5554,-133.1234,215698382
854263632712,85,480.6384,526.4243,498.623,-66.0639,-233.2895,471.9186,215697969
854263649041,85,480.3044,526.4743,498.7015,-275.5086,-93.0831,-12.8937,215698382
854263649043,85,480.8585,526.4391,498.7251,-101.046,-364.8536,-131.2354,215697969
854263649044,85,480.3451,526.7709,498.6906,-226.2767,-412.6247,40.6558,215698382
854263649049,85,480.7172,526.5568,498.6787,-196.4183,-362.6844,-133.829,215697969
854263649050,85,480.5127,526.5234,498.7116,-439.1433,-236.6578,-104.274,215697969
854263649051,85,480.5696,526.4231,498.6382,-139.862,-500.3,-414.4359,215697969
854263649052,85,480.5996,526.5177,498.5614,-147.4438,-387.8512,140.3641,215697969
854263649053,85,480.5584,526.5123,498.6772,-835.7405,-202.9697,292.3044,215697969
854263649054,85,480.4709,526.2896,498.7339,154.4065,-252.3548,-301.2851,215697970
854263649057,85,480.5849,526.4885,498.6933,-268.4441,-455.9313,-40.8731,215697969
854263649058,85,480.585,526.4963,498.6797,-619.7608,-116.4203,-15.1556,215697969
854263649059,85,480.5659,526.5096,498.5973,-271.5073,-347.9435,-24.728,215697969
854263649060,85,480.5813,526.5031,498.7295,-265.2628,-381.3742,57.0925,215697969
854263649061,85,480.5718,526.5404,498.6006,-274.7325,-436.8753,-56.4505,215697969
854263649062,85,480.3772,526.6136,498.5831,-136.2674,-386.6048,190.9729,215698382
854263649065,85,480.539,526.4985,498.6165,-46.4494,-182.4651,359.1602,215697969
854263649066,85,480.5561,526.4581,498.7013,-281.5964,-339.0642,-108.7597,215697969
854263649067,85,480.6144,526.517,498.7013,-195.9154,-476.4231,-128.596,215697969
854263649068,85,480.6096,526.5067,498.6647,-447.2338,-253.4396,55.7081,215697969
854263649069,85,480.6721,526.4989,498.6939,-97.9727,-436.7186,1.7389,215697969
854263649070,85,480.5879,526.4851,498.7045,147.2491,-860.3699,280.3743,215697969
854263649071,85,480.5807,526.5696,498.6273,-816.2811,-108.0768,-49.9214,215697969
854263649073,85,480.5892,526.5233,498.7044,-231.262,-288.9375,-200.614,215697969
854263649074,85,480.6462,526.4444,498.6571,-285.6546,-335.3171,-150.262,215697969
854263649075,85,480.5861,526.5031,498.6697,-304.2547,-385.744,-229.1333,215697969
854263649076,85,480.5224,526.5656,498.6225,-255.517,-478.2236,181.4813,215697969
854263649077,85,480.6116,526.4656,498.6725,11.852,-450.1046,-318.9691,215697969
854263649078,85,480.666,526.4612,498.7051,-397.2516,-167.132,21.9654,215697969
854263649079,85,480.604,526.5505,498.6875,-337.2883,161.854,105.8485,215697969
854263649080,85,480.4659,526.9126,498.7444,-428.7166,-441.3876,-98.1707,215698382
854263649081,85,480.5991,526.5099,498.6588,-229.7896,-431.8479,133.1665,215697969
854263649082,85,480.608,526.4535,498.7213,-377.647,-347.8854,15.717,215697969
854263649083,85,480.605,526.5215,498.6806,-355.8459,-374.0165,-262.5313,215697969
854263649084,85,480.5446,526.5697,498.7404,-213.2555,-655.4256,-133.8305,215697969
854263649085,85,480.5274,526.4421,498.7161,-171.8948,-512.2097,-126.0587,215697969
854263649086,85,480.585,526.4941,498.7025,-649.6324,244.3334,164.1723,215697969
854263649087,85,480.5279,526.4318,498.6707,-335.3032,-764.8044,-172.3726,215697969
854263649088,85,480.4863,526.8929,498.7072,-407.9133,-473.4803,-84.5838,215697969
854263649089,85,480.568,526.6757,498.7001,-334.1051,-87.7442,-117.5689,215697969
854263649090,85,480.6691,526.427,498.7286,-168.2453,-338.7468,46.146,215697969
854263649091,85,480.5976,526.4755,498.6815,-322.5661,-457.5408,-333.2882,215697969
854263649092,85,480.54,526.4858,498.6754,-195.8697,25.4131,-0.5973,215697969
854263649093,85,480.5433,526.4747,498.6742,-21.9081,12.8881,192.9739,215697969
854263649094,85,480.5192,526.4643,498.6591,12.5155,-323.0927,-333.5496,215697969
854263649095,85,480.3052,526.3596,498.743,-156.7267,-411.8626,-82.1811,215698381
854263649096,85,480.4847,526.8196,498.6911,-395.8241,-541.1223,-51.3596,215697969
854263649097,85,480.4959,526.6329,498.692,-419.1723,-138.118,-152.9129,215697969
854263649098,85,480.3568,526.4532,498.7865,-30.4658,-147.7484,-166.4642,215698382
854263649099,85,480.5794,526.5057,498.6537,-356.8606,-623.176,68.9706,215697969
854263649100,85,480.6444,526.5185,498.6947,-408.3061,-139.8797,-102.4532,215697969
854263649101,85,480.6782,526.5784,498.8266,-277.4766,-450.0049,22.8146,215697969
854263649102,85,480.4973,526.5477,498.7568,-252.8733,-230.2701,2.7481,215697969
854263649103,85,480.5031,526.3348,498.7116,48.0586,-227.6208,-183.2261,215697970
854263649106,85,480.4065,526.6708,498.7481,-467.5091,-91.9399,-78.2391,215698382
854263649107,85,480.5292,526.5801,498.4907,104.9638,-336.3142,70.1072,215697969
854263649108,85,480.5619,526.5599,498.4836,41.7215,-370.644,198.3536,215697969
854263649109,85,480.4922,526.5781,498.6749,-11.7456,-301.4196,-492.8055,215697969
854263649110,85,480.6422,526.5406,498.5464,153.4467,-456.2931,142.1089,215697969
854263649111,85,480.6242,526.4512,498.5587,272.1765,-96.7601,-68.9792,215697969
854263649115,85,480.8148,526.4318,498.8316,-595.3444,-215.214,91.1602,215697969
854263649116,85,480.2846,526.5887,498.5217,-69.6277,-289.2951,-240.7399,215698382
854263649117,85,480.3629,526.5345,498.7866,-270.6979,-121.9247,-402.205,215698382
854263649118,85,480.6577,526.3164,498.9383,-513.9547,-243.3711,-30.2419,215697970
854263649124,85,480.7787,526.569,498.5107,-633.4493,-198.3412,-289.8335,215697969
854263649125,85,480.4976,526.6252,498.5055,-720.8571,-176.6332,-167.2517,215697969
854263665467,85,480.7111,526.7548,498.6997,-326.4332,106.3782,40.2339,215697969
854263665481,85,480.3707,526.2278,498.7013,88.015,-95.048,-56.1248,215698381
854264681240,85,480.5773,526.7075,498.7564,-17.9501,42.1306,123.9635,215697969
854264681247,85,480.4041,526.48,498.6624,-504.6454,-17.4253,35.7299,215698382
854264681248,85,480.5396,526.5117,498.6432,-45.9432,-373.2632,141.9564,215697969
854264681254,85,481.0654,526.4763,498.7021,-291.3051,-189.4711,28.7356,215697969
854264681255,85,480.7289,526.3986,498.8062,-354.1893,-353.8244,-185.0022,215697969
854264681256,85,480.5573,526.4982,498.7447,-288.6304,-517.05,263.7109,215697969
854264681262,85,480.6671,526.5495,498.6313,-607.8329,-191.2843,218.4641,215697969
854264681263,85,480.5638,526.4724,498.6649,-365.0115,-175.2658,-113.1752,215697969
854264681264,85,480.4288,526.5466,498.5542,-124.0409,-192.8845,188.751,215698382
854264681270,85,480.8579,526.7999,498.6459,-274.3638,-215.0166,-144.0459,215697969
854264681272,85,480.5701,526.4824,498.66,-219.9261,-159.2681,-133.1906,215697969
854264681279,85,480.5845,526.4129,498.6371,38.5855,-568.4391,351.7751,215697969
854264681280,85,480.6069,526.575,498.7307,-481.347,-111.7187,-36.8925,215697969
854264681287,85,480.4114,526.6755,498.6634,-457.6687,-323.6936,-331.2746,215698382
854264681288,85,480.415,526.4606,498.769,-618.8184,-438.2116,22.2797,215698382
854264681296,85,480.2573,526.5701,498.7829,-442.4286,-247.5332,-120.8359,215698382
854264697603,85,480.8483,526.4764,498.5471,-42.1359,-157.8847,-318.1364,215697969
854264697610,85,480.8391,526.7883,498.6715,-289.6465,-451.435,-59.607,215697969
854264697611,85,480.9587,526.7689,498.7205,-325.1852,-390.2231,-45.6742,215697969
854264697612,85,480.6833,526.4017,498.6751,-597.8553,115.2052,172.9178,215697969
854264697617,85,480.4112,526.4106,498.6029,-79.9646,9.4086,83.2911,215698382
854264697618,85,480.8191,526.5576,498.6584,-11.223,-202.963,100.2854,215697969
854264697619,85,480.4534,526.5338,498.7104,-377.9369,-30.8522,124.7116,215698382
854264697620,85,480.6297,526.5188,498.7615,-66.432,-185.1924,238.7884,215697969
854264697621,85,480.248,526.7181,498.6526,-289.4639,-350.6285,40.3155,215698382
854264697625,85,480.5263,526.6215,498.7278,-197.5256,-290.2021,-122.9428,215697969
854264697626,85,480.5651,526.5077,498.6874,-572.5145,-469.9027,-247.8403,215697969
854264697627,85,480.599,526.4759,498.6658,-85.0943,-315.3597,64.1371,215697969
854264697628,85,480.5834,526.5112,498.7011,46.4305,-555.2731,154.0137,215697969
854264697629,85,480.5596,526.4984,498.6194,-275.2042,-670.3188,-275.2204,215697969
854264697630,85,480.2526,526.5877,498.6597,-155.1495,-399.2317,21.3548,215698382
854264697633,85,480.5952,526.5021,498.733,52.5288,-407.0203,258.1232,215697969
854264697634,85,480.5462,526.539,498.662,-204.0581,-256.7612,371.2608,215697969
854264697635,85,480.5743,526.4962,498.6596,-235.6497,-157.5633,-182.2792,215697969
854264697636,85,480.6086,526.5443,498.723,-306.5523,-349.0207,-14.8743,215697969
854264697637,85,480.7126,526.6054,498.7856,-29.0149,-174.9512,122.1887,215697969
854264697638,85,480.6258,526.4628,498.645,-532.1984,96.8447,-79.5724,215697969
854264697639,85,480.6364,526.5827,498.616,-671.306,-45.3076,-144.043,215697969
854264697641,85,480.5893,526.5034,498.664,-470.0345,-14.3838,87.5166,215697969
854264697642,85,480.5596,526.5064,498.7069,-13.9961,-120.7454,-115.7211,215697969
854264697643,85,480.6057,526.5549,498.6807,-343.0846,-448.9796,-104.6315,215697969
854264697644,85,480.585,526.5085,498.6949,-223.0701,186.1594,-76.7484,215697969
854264697645,85,480.537,526.461,498.7435,-28.9385,-1.1305,-96.7847,215697969
854264697646,85,480.6276,526.5042,498.5617,-222.9844,-247.0996,-125.6141,215697969
854264697647,85,480.7388,526.5493,498.7819,-103.4286,-272.3244,11.3203,215697969
854264697648,85,480.6537,526.8264,498.6808,-524.8325,-415.3278,-77.9522,215697969
854264697649,85,480.5708,526.4936,498.7096,-437.647,-334.703,-65.4973,215697969
854264697650,85,480.5819,526.4159,498.5906,-233.2584,-569.4446,-271.3427,215697969
854264697651,85,480.5867,526.4587,498.6173,-372.6432,-270.9163,-257.681,215697969
854264697652,85,480.5684,526.4678,498.6228,-93.9224,-185.0012,268.5688,215697969
854264697653,85,480.5443,526.4068,498.48,-262.2713,-155.4216,-44.5887,215697969
854264697654,85,480.3882,526.5963,498.7097,-169.5651,-301.2493,-198.605,215698382
854264697655,85,480.6543,526.4775,498.6694,63.2825,186.8304,-0.0482,215697969
854264697656,85,480.3778,526.6483,498.6708,-293.3441,-678.252,38.2883,215698382
854264697657,85,480.6328,526.3979,498.5683,-236.8533,-190.2217,-55.455,215697969
854264697658,85,480.5942,526.4789,498.6852,-427.4092,-50.2631,-5.9497,215697969
854264697659,85,480.5616,526.5072,498.685,231.1678,-501.2391,-321.9596,215697969
854264697660,85,480.5932,526.5021,498.6804,-265.3173,-422.2149,-40.812,215697969
854264697661,85,480.4695,526.4698,498.5374,-323.2008,-192.2305,-40.1972,215697969
854264697662,85,480.5043,526.5292,498.6186,-28.2227,-410.6974,-397.6222,215697969
854264697663,85,480.4261,526.7429,498.6989,-317.193,-431.1482,-84.6517,215698382
854264697664,85,480.4749,526.7803,498.6937,-369.1329,-599.3615,-41.9729,215697969
854264697665,85,480.5176,526.4063,498.62,-421.0881,-592.5058,-66.454,215697969
854264697666,85,480.5523,526.5227,498.6807,-11.9607,-338.3114,-99.0449,215697969
854264697667,85,480.5855,526.4989,498.6987,-379.7559,-349.0956,18.5419,215697969
854264697668,85,480.8412,526.5732,498.7661,-183.6229,-270.2207,171.0799,215697969
854264697669,85,480.4969,526.6383,498.7308,-245.5749,-202.6026,218.6738,215697969
854264697670,85,480.5567,526.4966,498.6053,125.4536,-434.1866,-228.142,215697969
854264697671,85,480.6614,526.6459,498.6664,-273.0504,56.6115,-202.9965,215697969
854264697672,85,480.4938,526.5033,498.685,-85.0692,-863.7946,25.5044,215697969
854264697673,85,480.6539,526.4462,498.6608,171.9848,-595.8013,-5.5336,215697969
854264697674,85,480.55,526.5844,498.6526,-391.7997,-496.2957,-143.3643,215697969
854264697675,85,480.5847,526.5815,498.7265,-193.2795,-549.3828,-182.9295,215697969
854264697676,85,480.5382,526.5873,498.6021,-232.035,-471.3642,289.1783,215697969
854264697677,85,480.6235,526.6254,498.699,-46.1389,-17.1856,159.3308,215697969
854264697678,85,480.5542,526.5005,498.681,-78.8234,-722.6254,-240.1651,215697969
854264697679,85,480.4423,526.6264,498.7378,-428.5766,-409.3709,-67.8096,215698382
854264697680,85,480.2671,526.7131,498.6342,-324.5788,-560.778,-43.4689,215698382
854264697682,85,480.5121,526.5073,498.5909,147.6054,-591.7381,57.2398,215697969
854264697683,85,480.5247,526.4382,498.9401,-402.2967,-263.8603,-18.1014,215697969
854264697684,85,480.4979,526.5809,498.6689,-258.246,-100.4768,-396.833,215697969
854264697685,85,480.617,526.506,498.6107,-13.1692,-572.6889,-342.5758,215697969
854264697686,85,480.4386,526.5076,498.6185,-64.9656,-286.7401,101.5097,215698382
854264697692,85,480.3881,526.6568,498.5692,-183.1314,-125.3262,-305.3359,215698382
854264697693,85,480.4067,526.5162,498.7484,-547.8636,-39.3117,-286.4344,215698382
854264697694,85,480.7067,526.2758,498.8147,-602.5393,-227.3714,48.8594,215697970
854264714050,85,480.4636,526.2896,498.605,164.5652,-94.4094,-25.4832,215698381
854303478551,85,480.6804,526.7099,498.8055,12.6618,-330.6091,81.2689,215697969
854303478552,85,480.5781,526.5828,498.6904,-119.7988,-897.4702,-41.0002,215697969
854303478558,85,480.4796,526.3795,498.4788,167.3897,-147.1289,-45.5082,215697969
854303478559,85,480.4642,526.3736,498.5806,-595.1808,-332.7577,-235.4752,215698382
854303478560,85,480.6118,526.3624,498.5572,-236.3892,-245.0726,-253.0237,215697970
854303478565,85,480.537,526.5685,498.7561,-615.217,-696.3009,-187.847,215697969
854303478566,85,480.6337,526.4775,498.6729,-58.6219,-141.842,-304.9024,215697969
854303478567,85,480.5837,526.5154,498.7636,-61.9706,-470.3155,293.0834,215697969
854303478568,85,480.5724,526.4876,498.6619,-662.4003,-283.5788,-208.8494,215697969
854303478574,85,480.6759,526.2776,498.6013,-244.4223,-46.9946,-16.9918,215697970
854303478575,85,480.599,526.5651,498.6291,-418.7285,57.6095,-60.2769,215697969
854303478576,85,480.629,526.4998,498.7478,-58.2808,-485.2251,-239.7783,215697969
854303478582,85,480.862,526.6613,498.6921,-183.8537,-83.4618,-171.1382,215697969
854303478583,85,480.5061,526.5309,498.6764,-300.0247,-521.7699,-328.0946,215697969
854303478584,85,480.578,526.5012,498.6985,-445.2426,-795.5979,-458.1796,215697969
854303478591,85,480.5011,526.3978,498.5113,103.3437,-381.4971,100.4909,215697969
854303478592,85,480.5871,526.5424,498.6296,-21.5762,-525.19,72.538,215697969
854303478600,85,480.5278,526.6174,498.8114,-272.1877,-424.5367,-53.5818,215697969
854303478608,85,480.5355,526.4838,498.5761,254.0095,-350.9283,130.7352,215697969
854303478616,85,480.5443,526.4558,498.6405,-688.0871,245.2355,-416.3572,215697969
854303494915,85,480.4439,526.511,498.8318,-483.2054,-318.3632,246.1954,215698382
854303494921,85,480.6751,526.779,498.7801,-68.1748,-62.8701,100.1781,215697969
854303494922,85,480.4066,526.696,498.6588,-138.9868,-257.5623,2.3134,215698382
854303494923,85,480.6207,526.4996,498.5377,-152.2359,-196.0973,-141.4542,215697969
854303494929,85,480.5018,526.4972,498.7034,-521.2355,-456.73,230.2367,215697969
854303494930,85,480.5529,526.4414,498.6516,-491.9211,-145.8261,-107.0235,215697969
854303494931,85,480.6268,526.5302,498.7349,17.771,-538.3971,-6.0361,215697969
854303494932,85,480.6042,526.5793,498.6488,-229.9156,-299.2311,-17.7979,215697969
854303494933,85,480.5261,526.5766,498.5832,-349.7148,-276.8025,4.0114,215697969
854303494937,85,480.6521,526.5544,498.6545,9.6065,-373.4581,75.1642,215697969
854303494938,85,480.6149,526.4296,498.6582,-195.4571,-339.015,170.4287,215697969
854303494939,85,480.5804,526.5098,498.6834,-298.6814,-247.4727,141.772,215697969
854303494940,85,480.5778,526.5029,498.6812,-188.4804,-159.532,411.9037,215697969
854303494941,85,480.5747,526.519,498.6552,9.1609,-220.0412,-255.2375,215697969
854303494942,85,480.4654,526.5067,498.7171,235.7393,-388.5267,-11.7212,215698382
854303494945,85,480.607,526.4725,498.7301,-128.1747,-232.5351,-315.464,215697969
854303494946,85,480.5842,526.515,498.7019,-659.4742,-478.9284,97.233,215697969
854303494947,85,480.6004,526.4833,498.6858,78.3935,-274.4461,155.4652,215697969
854303494948,85,480.6074,526.478,498.6757,-278.3195,-564.1015,-142.3071,215697969
854303494949,85,480.5952,526.5084,498.6928,-85.7817,-343.0298,491.6413,215697969
854303494950,85,480.5366,526.4808,498.6936,-435.1277,-501.6104,-194.2115,215697969
854303494951,85,480.7248,526.6772,498.6223,-334.0399,-202.7339,-43.8271,215697969
854303494952,85,480.8625,526.8361,498.6907,-447.543,-120.5986,-91.7887,215697969
854303494953,85,480.5999,526.5054,498.6765,-604.3015,-175.4456,-82.8983,215697969
854303494954,85,480.5919,526.5154,498.6819,-265.2668,-56.6585,-41.1438,215697969
854303494955,85,480.5875,526.5623,498.7059,1.0056,-307.7366,-43.2228,215697969
854303494956,85,480.5342,526.5872,498.7176,-34.0658,-678.3926,50.5518,215697969
854303494957,85,480.5321,526.4831,498.5959,-321.9585,-215.0934,7.993,215697969
854303494958,85,480.5874,526.512,498.7062,-432.9266,7.2865,-87.2879,215697969
854303494959,85,480.7944,526.4554,498.7114,-159.822,-161.3017,-11.2288,215697969
854303494960,85,480.679,526.3885,498.7488,-212.9025,117.9031,-203.8219,215697969
854303494961,85,480.5647,526.5179,498.6174,-147.3365,-104.7986,143.1988,215697969
854303494962,85,480.5289,526.4659,498.6986,-516.9385,-168.6338,-185.9202,215697969
854303494963,85,480.5724,526.4749,498.6707,-216.707,-419.2476,142.7499,215697969
854303494964,85,480.5393,526.4721,498.656,-203.8566,-45.422,67.3445,215697969
854303494965,85,480.5899,526.4944,498.6904,53.5629,-210.4548,177.601,215697969
854303494966,85,480.6154,526.5197,498.6477,-267.9223,-326.9502,209.8002,215697969
854303494967,85,480.5382,526.834,498.6986,-356.4421,-349.2277,-138.2326,215697969
854303494968,85,480.2876,526.4995,498.6612,-361.2427,-462.2099,-17.9898,215698382
854303494969,85,480.6042,526.5032,498.6972,-111.8969,-176.3477,-132.9965,215697969
854303494970,85,480.5919,526.5389,498.6588,-90.516,-418.2671,-17.4312,215697969
854303494971,85,480.5779,526.5563,498.7016,-168.0306,-575.9742,-303.2061,215697969
854303494972,85,480.5144,526.4938,498.6118,-409.887,-306.9398,-40.44,215697969
854303494973,85,480.5761,526.488,498.6963,-207.5602,-90.8133,0.0523,215697969
854303494974,85,480.5311,526.4737,498.7179,-611.9662,-269.407,-75.6412,215697969
854303494975,85,480.6662,526.4353,498.6736,87.6862,-32.5342,-24.9322,215697969
854303494976,85,480.7574,526.3248,498.8016,-105.8679,-38.5937,-126.0179,215697970
854303494977,85,480.4423,526.4935,498.6477,-48.0447,-149.6677,-47.7206,215698382
854303494978,85,480.5876,526.5225,498.6413,-297.3245,-553.5171,271.3698,215697969
854303494979,85,480.5638,526.491,498.7378,-242.0129,-440.8774,-282.4321,215697969
854303494980,85,480.5848,526.4873,498.6835,-136.8648,-722.3074,-193.3161,215697969
854303494981,85,480.625,526.4333,498.6554,-2.8134,-366.3362,-96.4134,215697969
854303494982,85,480.5219,526.5699,498.6747,-202.249,-340.0612,23.0205,215697969
854303494983,85,480.4933,526.5562,498.6987,-347.0264,-379.3209,-196.0149,215697969
854303494984,85,480.7541,526.3229,498.7422,-62.4797,1.6859,-11.4326,215697970
854303494985,85,480.8331,526.4573,498.9994,-345.0513,-334.1754,-360.8177,215697969
854303494986,85,480.4601,526.5132,498.7217,137.8765,-272.114,32.8771,215698382
854303494987,85,480.4535,526.6139,498.7221,-43.795,-434.7454,-112.1403,215698382
854303494988,85,480.5099,526.4188,498.6578,-203.6329,-435.0828,-213.6045,215697969
854303494989,85,480.5741,526.5163,498.6394,-266.3548,79.1659,-261.0029,215697969
854303494990,85,480.5797,526.4239,498.6705,-189.0111,-412.2685,-59.4304,215697969
854303494991,85,480.6065,526.532,498.696,-133.7063,-291.6338,158.7567,215697969
854303494992,85,480.5494,526.2755,498.5761,27.0509,-66.7982,25.8762,215697970
854303494994,85,480.4721,526.4047,498.775,-548.918,-473.4923,-17.798,215697969
854303494995,85,480.7057,526.4125,498.7681,-125.4189,-279.5791,239.8393,215697969
854303494996,85,480.7104,526.4051,498.8603,-281.3495,-286.2855,258.1872,215697969
854303494997,85,480.5471,526.5465,498.7015,-601.2682,-10.6693,-489.3786,215697969
854303494998,85,480.6562,526.3893,498.8033,-312.6962,-183.1085,-71.5158,215697969
854303494999,85,480.6112,526.6426,498.8437,-94.5148,-182.1633,328.3237,215697969
854303495006,85,481.1224,526.4891,498.7472,-426.8194,-160.5327,-188.2631,215697969
854303511337,85,480.8223,526.8503,498.6792,-415.1673,-59.902,-36.5554,215697969
854303511354,85,480.2566,526.1529,498.6136,42.7513,-212.8914,-12.1554,215698381
854304527126,85,480.4471,526.6874,498.5794,-483.2883,-20.8104,107.8783,215698382
854304527128,85,480.5201,526.6125,498.6615,-360.3581,-20.3776,217.788,215697969
854304527132,85,480.5929,526.5289,498.591,-261.8855,-57.4013,0.8513,215697969
854304527133,85,480.8099,526.7344,498.9719,-392.1544,-338.7531,6.5224,215697969
854304527134,85,480.4362,526.5706,498.694,-150.8059,-523.5391,-0.614,215698382
854304527135,85,480.555,526.5452,498.6411,-378.3803,-128.6322,545.4138,215697969
854304527136,85,480.6248,526.4227,498.7749,-119.209,-422.9602,-355.5882,215697969
854304527140,85,480.157,526.3123,498.5844,34.6223,-287.7571,-31.981,215698381
854304527141,85,480.6167,526.6689,498.7451,-231.7945,-20.878,121.4437,215697969
854304527142,85,480.6227,526.4064,498.5189,-317.6761,-227.6051,79.433,215697969
854304527143,85,480.502,526.4764,498.8419,-175.8675,-296.1596,-143.2658,215697969
854304527144,85,480.5428,526.484,498.6674,-676.2331,-403.144,-38.6408,215697969
854304527149,85,480.8167,526.5895,498.702,-65.8551,-112.971,227.6611,215697969
854304527150,85,480.5162,526.5365,498.7154,25.4556,-362.1331,-210.1694,215697969
854304527151,85,480.5253,526.5811,498.6362,-371.9842,-356.1949,88.5227,215697969
854304527152,85,480.5733,526.4982,498.651,-61.0961,-268.1071,130.3017,215697969
854304527158,85,480.8706,526.6271,498.7485,-165.8326,-32.495,-120.5325,215697969
854304527159,85,480.5802,526.5096,498.7321,-716.4202,-407.0835,247.1176,215697969
854304527160,85,480.6161,526.451,498.6895,-509.8824,179.948,-111.08,215697969
854304527167,85,480.5775,526.471,498.5561,236.3192,-300.9263,101.444,215697969
854304527168,85,480.5675,526.5702,498.6213,-198.9863,64.1461,-149.2366,215697969
854304527176,85,480.5939,526.4219,498.4913,-108.8419,-272.1384,47.3541,215697969
854304543490,85,480.7808,526.5792,498.8865,-356.2728,-445.7057,-119.9349,215697969
854304543491,85,480.8611,526.8598,498.696,-171.2294,-237.6253,-8.6198,215697969
854304543492,85,480.6276,526.3981,498.7565,320.4364,-238.5785,-183.5441,215697969
854304543497,85,480.4553,526.5472,498.6104,-534.11,34.8951,-129.4128,215698382
854304543498,85,480.4007,526.4288,498.6637,-72.2943,-104.4381,-56.9741,215698382
854304543499,85,480.5389,526.6304,498.8173,-276.6436,-328.816,182.9904,215697969
854304543500,85,480.6067,526.5256,498.683,-727.8706,-891.9562,-0.9721,215697969
854304543505,85,480.6373,526.4784,498.5576,-301.4348,-80.884,-71.2774,215697969
854304543506,85,480.7616,526.6345,498.8077,-326.6978,-182.466,-100.6833,215697969
854304543507,85,480.5453,526.4978,498.659,-190.7204,-77.9929,-117.2089,215697969
854304543508,85,480.6041,526.4571,498.6231,-238.3158,-659.0305,-396.2044,215697969
854304543509,85,480.2839,526.4763,498.6558,-357.6853,-280.5241,-67.007,215698382
854304543513,85,480.4328,526.5764,498.6944,-4.3067,-353.9509,155.0357,215698382
854304543514,85,480.568,526.4982,498.6955,-365.5638,-337.2924,-23.3151,215697969
854304543515,85,480.5919,526.5016,498.6609,-566.6575,-21.7913,109.6273,215697969
854304543516,85,480.5855,526.4751,498.7013,-157.0056,-326.9249,-229.3019,215697969
854304543517,85,480.6131,526.4785,498.7807,72.7056,-565.9581,197.4678,215697969
854304543518,85,480.387,526.5206,498.6132,-342.1346,-255.8448,-73.8732,215698382
854304543519,85,480.6785,526.9037,498.6578,-508.3475,-324.8835,-20.1484,215697969
854304543520,85,480.9866,526.7391,498.6552,-387.004,-64.3306,-85.8438,215697969
854304543521,85,480.455,526.4526,498.6005,-532.5583,-230.3689,-17.9098,215698382
854304543522,85,480.5273,526.4376,498.7066,-290.8586,-140.4124,-72.0272,215697969
854304543523,85,480.5929,526.5064,498.6804,-171.5923,-290.3078,-39.3101,215697969
854304543524,85,480.5839,526.4911,498.6783,-437.0711,5.163,-248.7493,215697969
854304543525,85,480.6044,526.5214,498.6967,68.7104,-306.0784,-159.478,215697969
854304543526,85,480.4015,526.5283,498.5976,-237.1987,-470.7419,46.195,215698382
854304543527,85,480.7038,526.7338,498.6812,-304.4787,-96.0219,-89.6868,215697969
854304543528,85,480.7765,526.6802,498.6288,-314.0003,57.1579,-208.7081,215697969
854304543529,85,480.5941,526.585,498.6834,-235.3803,-476.7494,-6.9859,215697969
854304543530,85,480.6462,526.532,498.6706,-74.8866,-105.5667,331.2793,215697969
854304543531,85,480.5578,526.4774,498.6028,-245.6272,-308.3369,11.9313,215697969
854304543532,85,480.5641,526.502,498.6939,-167.2663,-303.3566,85.8421,215697969
854304543533,85,480.5918,526.4995,498.7269,-205.2184,-225.621,-306.5552,215697969
854304543534,85,480.5611,526.4749,498.7025,-59.2676,-887.7525,179.2466,215697969
854304543535,85,480.7158,526.3625,498.7552,-425.0325,-86.6965,-177.0231,215697970
854304543536,85,480.7271,526.2823,498.8485,-192.8037,-70.6028,-93.0645,215697970
854304543537,85,480.5833,526.575,498.7453,-237.9205,-123.0957,12.0998,215697969
854304543538,85,480.5851,526.5145,498.699,-371.5116,-261.5674,-137.6135,215697969
854304543539,85,480.576,526.486,498.6762,-65.553,-354.736,0.1166,215697969
854304543540,85,480.5547,526.4772,498.6485,-424.3343,-146.0263,-52.8526,215697969
854304543541,85,480.5732,526.5112,498.6971,-609.4813,-402.5426,516.686,215697969
854304543542,85,480.5886,526.5069,498.726,-535.8865,-36.9144,-359.9425,215697969
854304543543,85,480.742,526.7058,498.7697,-279.8561,-186.8953,-128.4681,215697969
854304543544,85,480.3715,526.62,498.6141,-565.9841,-408.381,-130.2008,215698382
854304543545,85,480.5627,526.499,498.675,-525.3898,-277.6585,-94.9761,215697969
854304543546,85,480.561,526.4738,498.674,-447.2703,-33.7407,-265.7452,215697969
854304543547,85,480.538,526.5479,498.7088,-32.9396,-286.5332,-180.1815,215697969
854304543548,85,480.5892,526.6571,498.7412,-185.3259,-253.6491,131.3154,215697969
854304543549,85,480.5853,526.5038,498.6727,-156.8756,-173.9603,-92.6978,215697969
854304543550,85,480.4392,526.5392,498.7111,-417.1979,-66.8695,166.8225,215698382
854304543551,85,480.5128,526.5991,498.7341,-373.6651,-244.4417,-113.26,215697969
854304543552,85,480.5315,526.3466,498.6298,79.1576,-197.1431,35.8859,215697970
854304543553,85,480.6648,526.4676,498.5975,-147.1803,-454.1863,-89.013,215697969
854304543554,85,480.5931,526.4979,498.709,-197.3566,-28.6777,-100.4943,215697969
854304543555,85,480.6099,526.4687,498.6971,-186.8836,-687.7782,-300.5759,215697969
854304543556,85,480.5695,526.5042,498.6887,-278.9322,-219.4955,128.6716,215697969
854304543557,85,480.5817,526.4707,498.6778,-220.7092,-314.5397,-219.3405,215697969
854304543558,85,480.6218,526.5018,498.6937,-654.411,-386.9864,-402.4501,215697969
854304543559,85,480.5561,526.4888,498.762,-257.4781,-369.2732,-372.6976,215697969
854304543560,85,480.6382,526.5261,498.6982,-357.8416,296.3149,276.2285,215697969
854304543561,85,480.2642,526.6214,498.4604,-307.887,-265.281,-1.5547,215698382
854304543562,85,480.4833,526.352,498.7166,-490.4193,-498.1115,-74.4303,215697970
854304543563,85,480.598,526.5071,498.704,-730.3679,-243.6187,-318.6533,215697969
854304543564,85,480.5626,526.5975,498.6081,-268.9161,-42.1693,-80.6172,215697969
854304543565,85,480.5948,526.4816,498.6021,-26.6731,-174.1797,-285.2528,215697969
854304543566,85,480.6126,526.4412,498.626,-140.2969,-256.0218,-107.2092,215697969
854304543567,85,480.5995,526.49,498.7425,39.6505,-698.4384,-377.9046,215697969
854304543570,85,480.67,526.4984,498.6791,-651.692,-413.4857,428.8939,215697969
854304543571,85,480.3552,526.6277,498.8162,-142.3203,-364.681,-302.0346,215698382
854304543573,85,480.2316,526.5841,498.6311,15.3679,-245.5228,-131.1842,215698382
854304543574,85,480.5482,526.3778,498.7262,-336.7379,74.3527,-305.1659,215697969
854304543575,85,480.6307,526.6005,498.7542,-74.9138,-541.6302,338.4203,215697969
854304543578,85,480.1879,526.4487,498.4931,-536.3806,-339.8333,-120.6931,215698382
854304559913,85,480.748,526.8924,498.5716,-488.4019,-271.794,-110.9036,215697969
854304559921,85,480.8075,526.9015,498.5598,-411.8368,-190.8729,-112.3724,215697969
854305575696,85,480.6321,526.3594,498.6194,-410.3529,224.9727,-91.6169,215697970
854305575700,85,480.6371,526.438,498.5826,-60.6849,-361.4839,79.926,215697969
854305575701,85,480.4904,526.5698,498.7404,-103.7219,-484.2359,-155.7599,215697969
854305575702,85,480.5327,526.2944,498.5942,-104.1644,-425.2271,-265.5651,215697970
854305575703,85,480.5717,526.5032,498.5271,-273.9029,-133.705,292.5528,215697969
854305575704,85,480.6349,526.3149,498.8357,-283.0074,-408.4616,-118.5405,215697970
854305575707,85,480.6681,526.7542,498.9266,-644.1621,-171.8841,-40.1204,215697969
854305575708,85,480.7538,526.7107,498.9241,-435.377,-382.6229,-32.8874,215697969
854305575709,85,480.1601,526.4265,498.5601,50.6751,-251.2672,-267.3138,215698382
854305575710,85,480.6583,526.482,498.6722,-103.7675,-174.3825,-146.1411,215697969
854305575711,85,480.5412,526.598,498.7704,-65.7011,-478.6078,352.8932,215697969
854305575712,85,480.5582,526.6712,498.7048,-394.2511,-586.7189,49.7906,215697969
854305575716,85,480.6949,526.3857,498.5845,-234.4189,-51.4914,-33.4416,215697969
854305575717,85,480.5489,526.5391,498.7542,-517.4319,-696.7881,-408.4475,215697969
854305575718,85,480.5721,526.5048,498.7084,-13.6109,-481.6052,-329.0683,215697969
854305575719,85,480.6688,526.3576,498.7852,-238.261,-253.3356,-352.6669,215697970
854305575720,85,480.5918,526.5118,498.6465,-32.7979,33.7603,174.8079,215697969
854305575725,85,480.8089,526.576,498.5967,1.3915,-105.7385,213.2299,215697969
854305575726,85,480.523,526.557,498.7799,-278.5677,-306.324,-169.7147,215697969
854305575727,85,480.5894,526.4844,498.5526,-404.7334,-55.1532,254.1635,215697969
854305575728,85,480.627,526.516,498.7016,-391.5787,-385.9498,1.6794,215697969
854305575734,85,480.8294,526.7244,498.5971,-162.6073,-92.7111,-122.3653,215697969
854305575735,85,480.4771,526.5146,498.7552,-504.842,-252.243,-77.8338,215697969
854305575736,85,480.617,526.4609,498.621,-27.2042,-281.2942,-181.3083,215697969
854305575743,85,480.4008,526.4882,498.51,36.3425,-305.5729,-172.3694,215698382
854305575744,85,480.4905,526.6259,498.7574,-323.8268,-531.2497,-198.4566,215697969
854305575752,85,480.2487,526.5506,498.7102,-100.1429,-317.6256,-306.9194,215698382
854305592066,85,480.4023,526.5031,498.5929,-455.1686,-196.7182,-145.1381,215698382
854305592067,85,480.606,526.9016,498.6583,-258.1842,-528.0414,-35.6225,215697969
854305592073,85,480.4221,526.7118,498.6556,-230.6079,-217.1705,84.2032,215698382
854305592075,85,480.5677,526.4694,498.5374,-264.7503,-156.0788,-329.6928,215697969
854305592076,85,480.6959,526.4713,498.7624,-83.3937,-346.5481,-8.8213,215697969
854305592077,85,480.5021,526.5033,498.8082,-166.7569,-281.3709,-347.3279,215697969
854305592081,85,480.5885,526.4255,498.6221,-81.7189,-140.2912,-404.2702,215697969
854305592082,85,480.5505,526.4342,498.6057,-124.2317,-61.8935,-44.8989,215697969
854305592083,85,480.5156,526.5143,498.6906,-316.9407,-448.7115,-119.2051,215697969
854305592084,85,480.583,526.4497,498.6984,-217.4456,-138.8058,404.1279,215697969
854305592085,85,480.6154,526.4545,498.5532,-212.4273,-254.3595,144.9355,215697969
854305592086,85,480.1666,526.4782,498.5635,-212.6218,-278.9374,-27.0551,215698382
854305592087,85,480.9455,526.5119,498.6825,-193.5163,38.0087,-179.0108,215697969
854305592089,85,480.581,526.4562,498.6664,227.3949,-292.7431,-137.39,215697969
854305592090,85,480.4757,526.6154,498.7183,-270.0657,-121.8659,137.2807,215697969
854305592091,85,480.577,526.5099,498.7097,144.5634,-0.562,139.6,215697969
854305592092,85,480.5966,526.4586,498.6676,-267.9506,-653.7294,-179.9499,215697969
854305592093,85,480.5737,526.4524,498.6564,82.01,-351.7582,293.9447,215697969
854305592094,85,480.4979,526.7067,498.7234,-37.9707,-619.8722,-68.1584,215697969
854305592095,85,480.4768,526.2712,498.7757,-117.3711,-491.8947,116.5968,215697970
854305592096,85,480.7058,526.5705,498.6652,-239.3035,259.5081,-167.4862,215697969
854305592097,85,480.651,526.4771,498.7091,-408.3245,-419.8036,-162.6409,215697969
854305592098,85,480.5814,526.4867,498.6954,-89.6854,-368.1287,-250.7922,215697969
854305592099,85,480.5684,526.5256,498.7553,-154.0695,-163.9356,-95.1435,215697969
854305592100,85,480.5749,526.4219,498.618,-100.2237,-434.9012,-197.9675,215697969
854305592101,85,480.5221,526.5126,498.7087,-416.345,-445.2821,-350.4508,215697969
854305592102,85,480.6587,526.4573,498.6775,-714.189,39.1549,-58.0104,215697969
854305592103,85,480.6189,526.7322,498.6792,-363.8426,-198.3875,-64.4144,215697969
854305592104,85,480.7873,526.6711,498.6467,-284.1609,108.2855,-170.2609,215697969
854305592105,85,480.6449,526.5419,498.7569,-219.7123,-513.3009,-219.0664,215697969
854305592106,85,480.6287,526.4296,498.5959,-332.2865,42.6377,-97.7207,215697969
854305592107,85,480.5846,526.4734,498.6676,-435.1728,-3.2762,-81.223,215697969
854305592108,85,480.5752,526.48,498.652,-451.0674,-109.3355,-142.053,215697969
854305592109,85,480.5466,526.4926,498.7096,35.8892,-153.1086,-42.891,215697969
854305592110,85,480.5975,526.4571,498.6978,163.0314,66.9653,234.4813,215697969
854305592111,85,480.5711,526.5648,498.6603,-503.7705,-76.6779,-248.5108,215697969
854305592113,85,480.6176,526.516,498.7299,-662.0665,-381.1953,-246.9264,215697969
854305592114,85,480.6322,526.5025,498.701,-160.4938,-254.2532,-286.6488,215697969
854305592115,85,480.6061,526.4794,498.6829,-130.7916,-314.1697,-426.4464,215697969
854305592116,85,480.4332,526.5114,498.6934,-210.0243,-406.7698,81.6369,215698382
854305592117,85,480.651,526.3555,498.7113,-522.7048,-167.3219,-254.513,215697970
854305592118,85,480.5937,526.502,498.7196,-94.6969,-798.079,-179.8606,215697969
854305592119,85,480.5147,526.7086,498.7324,-344.339,-185.7417,-74.3438,215697969
854305592120,85,480.3389,526.4653,498.5956,-371.128,-569.64,-79.7722,215698382
854305592121,85,480.5667,526.4378,498.6474,-85.5597,-287.5102,81.2472,215697969
854305592122,85,480.5736,526.4822,498.6604,-555.9534,-66.2019,14.079,215697969
854305592123,85,480.5271,526.5012,498.7008,-309.6686,-146.1063,88.9537,215697969
854305592125,85,480.5783,526.5418,498.6575,-94.1718,-266.8182,-286.2823,215697969
854305592126,85,480.602,526.5598,498.5946,-211.0244,-608.3335,399.4724,215697969
854305592127,85,480.6652,526.4582,498.7599,10.2066,-212.5009,-97.478,215697969
854305592128,85,480.6058,526.7037,498.7732,-440.4808,-221.4081,-111.049,215697969
854305592129,85,480.48,526.586,498.7674,-198.969,-278.6503,-97.9088,215697969
854305592130,85,480.6177,526.5037,498.5837,-109.1604,-335.3668,-383.8773,215697969
854305592131,85,480.5598,526.4699,498.7299,-200.9296,-76.5992,-403.4268,215697969
854305592132,85,480.6974,526.7064,498.8391,-290.9048,-309.3887,61.7039,215697969
854305592133,85,480.6827,526.5237,498.6442,-233.2481,-303.947,-237.9571,215697969
854305592134,85,480.554,526.4982,498.6108,-271.7736,-214.4456,82.7138,215697969
854305592135,85,480.4921,526.562,498.7516,-399.3522,-301.386,85.4362,215697969
854305592136,85,480.2682,526.446,498.5793,83.379,-343.12,-38.861,215698382
854305592137,85,480.6648,526.6779,498.6483,-360.3174,-466.9018,113.6255,215697969
854305592138,85,480.2238,526.2772,498.5797,-304.0375,-293.2305,-6.6095,215698381
854305592139,85,480.6163,526.4919,498.6255,-868.5618,-235.3661,-383.6878,215697969
854305592140,85,480.5853,526.5287,498.6943,-195.7993,-240.6162,-305.1046,215697969
854305592141,85,480.5685,526.4998,498.7057,-140.5786,-523.5382,-215.2182,215697969
854305592142,85,480.5904,526.5057,498.7331,79.0303,-258.1316,291.3776,215697969
854305592143,85,480.799,526.459,498.9302,-284.9915,-364.9817,-230.5971,215697969
854305592146,85,480.7009,526.5,498.6298,-524.1696,-308.3082,433.0838,215697969
854305592147,85,480.4405,526.5231,498.7719,-676.0402,-162.7738,-122.2571,215698382
854305592152,85,480.5042,526.823,498.846,-200.6212,-200.8146,259.5994,215697969
854305608489,85,480.719,526.9127,498.5846,-474.2092,-236.5965,-74.9678,215697969
854305608513,85,480.623,526.8604,498.7354,-575.324,-311.0103,-152.7336,215697969
854305608521,85,480.3908,526.6677,498.7708,-616.0629,-433.3239,-136.1995,215698382
854306624263,85,480.7462,526.2554,498.8098,-171.6668,-586.8788,-232.2526,215697970
854306624268,85,480.8064,526.2757,498.8897,-191.9793,-524.953,-284.4612,215697970
854306624271,85,480.6568,526.4356,498.8452,-411.9949,-465.7671,-338.8566,215697969
854306624272,85,480.5006,526.4437,498.4239,-295.5111,-164.6398,-165.3243,215697969
854306624275,85,480.2903,526.6782,498.8688,-619.5656,-360.7004,-86.4948,215698382
854306624276,85,480.6113,526.505,498.5825,-349.0986,-93.303,-99.251,215697969
854306624277,85,480.6569,526.4606,498.6851,272.775,-252.5731,-69.9614,215697969
854306624278,85,480.5826,526.4673,498.5846,-235.7085,63.1677,-120.5014,215697969
854306624279,85,480.5852,526.5269,498.5898,-135.7122,164.5509,150.7061,215697969
854306624280,85,480.4851,526.5698,498.8387,-274.3705,-468.1318,81.7445,215697969
854306624284,85,480.4544,526.4647,498.4855,186.5928,-94.2395,-169.94,215698382
854306624285,85,480.6541,526.3987,498.5164,-72.0413,-200.8233,-87.136,215697969
854306624286,85,480.4372,526.6537,498.7705,-308.0758,-387.7417,-32.3926,215698382
854306624287,85,480.5098,526.6679,498.4211,-342.5703,-195.957,108.6563,215697969
854306624288,85,480.5265,526.4167,498.8112,-66.5145,-451.3106,-85.5643,215697969
854306624292,85,480.69,526.5035,498.5328,195.3803,-131.4464,106.9625,215697969
854306624293,85,480.2049,526.4206,498.6499,20.8112,-233.374,-354.0055,215698382
854306624294,85,480.473,526.48,498.5877,-172.318,-349.8096,-238.1352,215697969
854306624295,85,480.7023,526.3839,498.9355,-116.1087,-444.7098,13.0792,215697969
854306624296,85,480.6268,526.5598,498.6802,-402.8807,-132.3456,267.5558,215697969
854306624301,85,480.4016,526.441,498.6034,154.9242,-322.8247,-363.1362,215698382
854306624302,85,480.7488,526.6226,498.9653,-328.2627,-239.8223,86.6666,215697969
854306624303,85,480.5537,526.5379,498.5899,-277.8787,-207.0595,395.0551,215697969
854306624304,85,480.6103,526.4872,498.7088,-14.4878,-31.8202,240.988,215697969
854306624310,85,480.7949,526.7999,498.644,-269.921,-206.6973,-56.313,215697969
854306624311,85,480.5843,526.4816,498.7562,-519.9105,-851.3517,-3.0797,215697969
854306624312,85,480.6436,526.6947,498.8614,-384.322,-290.0741,-26.0507,215697969
854306624319,85,480.3312,526.5103,498.6724,-305.8546,-299.3689,-381.2553,215698382
854306624320,85,480.5075,526.4946,498.4664,-101.2298,-194.5508,-101.5545,215697969
854306640641,85,480.5889,526.4772,498.6781,-791.2915,-417.8199,-635.0012,215697969
854306640642,85,480.7406,526.8506,498.6263,-331.5385,-505.2027,-4.2521,215697969
854306640649,85,480.4443,526.5864,498.6135,107.6266,-306.9668,40.5731,215698382
854306640650,85,480.6655,526.4347,498.6196,-236.9674,-263.1092,-259.0674,215697969
854306640651,85,480.7213,526.5797,498.8517,-268.1038,-403.52,17.1958,215697969
854306640652,85,480.5976,526.2687,498.6734,-252.4375,-70.1715,-47.2525,215697970
854306640653,85,480.5614,526.5754,498.6201,-219.5963,-605.8356,427.3312,215697969
854306640657,85,480.5436,526.4594,498.5826,-324.7001,-331.3434,-445.1193,215697969
854306640658,85,480.6031,526.5393,498.6932,-366.4268,130.7235,-237.5181,215697969
854306640659,85,480.6876,526.5504,498.7129,-184.1904,-85.348,-117.7255,215697969
854306640660,85,480.5192,526.5505,498.4912,-144.7739,-361.7242,-165.0365,215697969
854306640661,85,480.5836,526.5574,498.6349,-189.0843,-440.2945,-346.079,215697969
854306640662,85,480.5752,526.6686,498.7024,-332.0138,-331.921,-124.279,215697969
854306640663,85,480.9519,526.5635,498.6629,-271.8542,11.9411,-162.9475,215697969
854306640665,85,480.5774,526.4269,498.6699,219.475,-469.2431,-328.0759,215697969
854306640666,85,480.609,526.498,498.6919,-96.7521,-231.2632,-23.8546,215697969
854306640667,85,480.5506,526.3839,498.7645,-176.6646,-259.9327,-89.9932,215697969
854306640668,85,480.6649,526.4711,498.8802,-159.3294,-229.1118,-115.8057,215697969
854306640669,85,480.5486,526.455,498.6491,-29.5905,-736.2777,268.6216,215697969
854306640672,85,480.7067,526.5541,498.658,-165.4577,301.4668,-149.2618,215697969
854306640673,85,480.5599,526.3127,498.6754,-283.1211,-396.2169,-8.8175,215697970
854306640674,85,480.6826,526.5043,498.6681,-198.3446,-168.9369,-199.0375,215697969
854306640675,85,480.5368,526.5394,498.573,-487.3363,-247.5213,29.9209,215697969
854306640676,85,480.5695,526.5018,498.7524,-170.1931,-424.3729,-238.8605,215697969
854306640677,85,480.5583,526.5415,498.696,-617.6882,-509.9925,-106.7705,215697969
854306640678,85,480.6066,526.7381,498.6259,-354.9075,-112.9279,-253.963,215697969
854306640679,85,480.5596,526.5999,498.6346,-705.093,-195.8686,-330.9999,215697969
854306640680,85,480.7396,526.4691,498.6774,-78.7717,241.6751,-170.9799,215697969
854306640681,85,480.5649,526.4916,498.6162,-712.9272,-44.6307,-59.4315,215697969
854306640682,85,480.5575,526.5259,498.6984,-232.8297,11.7612,-120.5345,215697969
854306640683,85,480.588,526.5618,498.6711,-65.9157,-185.7187,110.8418,215697969
854306640684,85,480.6007,526.5337,498.714,-205.4053,-638.0825,168.6654,215697969
854306640685,85,480.517,526.617,498.6803,-196.4313,-346.0524,156.808,215697969
854306640686,85,480.6564,526.5207,498.6806,-151.3512,-85.4346,-309.687,215697969
854306640687,85,480.7104,526.6801,498.6617,-442.7546,-516.4261,-58.1655,215697969
854306640689,85,480.3937,526.4683,498.6084,-77.4485,-182.9052,45.0141,215698382
854306640690,85,480.568,526.5383,498.6824,-302.5269,-399.8887,56.9826,215697969
854306640691,85,480.6103,526.5052,498.6846,-112.579,23.4285,-413.5508,215697969
854306640692,85,480.5505,526.4719,498.6439,-516.9622,-19.8961,305.5851,215697969
854306640693,85,480.5789,526.4894,498.7158,-281.8064,-268.8293,-51.5815,215697969
854306640694,85,480.5698,526.5513,498.7242,-137.9927,103.696,129.2227,215697969
854306640695,85,480.5281,526.5765,498.7158,-248.598,-344.6013,-222.7217,215697969
854306640696,85,480.3649,526.6863,498.8001,-341.374,-281.1784,-140.0986,215698382
854306640697,85,480.6023,526.5381,498.6548,-480.9057,-678.8755,406.7171,215697969
854306640698,85,480.6458,526.5091,498.681,-102.1433,-271.1161,178.7867,215697969
854306640699,85,480.5757,526.6006,498.7007,-129.6655,-199.6061,214.6778,215697969
854306640700,85,480.5646,526.5069,498.6919,297.9149,-500.9644,112.8028,215697969
854306640701,85,480.626,526.5402,498.6321,-156.0592,-171.0381,-12.1289,215697969
854306640702,85,480.3672,526.4178,498.6956,-327.4909,-266.3324,50.267,215698382
854306640703,85,480.5519,526.4369,498.6972,-393.2243,-598.896,-143.2757,215697969
854306640704,85,480.7501,526.3444,498.8065,-169.2086,-257.5816,106.5287,215697970
854306640706,85,480.5965,526.5209,498.6369,54.5445,-28.2159,156.9285,215697969
854306640707,85,480.542,526.4464,498.6722,-424.4532,-213.6276,-205.8933,215697969
854306640708,85,480.5929,526.5146,498.6701,-332.1353,-392.9165,-58.5095,215697969
854306640709,85,480.5717,526.498,498.7007,-522.6569,-416.4028,-278.0288,215697969
854306640710,85,480.5974,526.4979,498.687,-477.0644,-156.1338,412.3553,215697969
854306640711,85,480.6095,526.5091,498.7069,-49.8699,-557.3107,-304.7177,215697969
854306640713,85,480.69,526.519,498.6049,-528.7584,-400.5552,406.0873,215697969
854306640715,85,480.8326,526.4652,498.8604,-374.3042,-244.2813,-310.0351,215697969
854306640716,85,480.6726,526.4371,498.7649,-102.4348,-576.9647,37.9974,215697969
854306640717,85,480.5097,526.5439,498.6125,-443.3231,-65.7522,-305.8477,215697969
854306640718,85,480.6702,526.3035,498.3854,-264.6189,-267.2664,-136.1856,215697970
854306640719,85,480.6632,526.4741,498.7024,-525.9933,-612.1624,-546.0771,215697969
854306640722,85,480.2939,526.2853,498.5829,-370.0776,-435.989,5.6811,215698381
854306640749,85,480.5917,526.3591,498.6109,-569.3293,184.8427,-37.9822,215697970
854306657065,85,480.8308,526.6878,498.6124,-298.8697,-28.8568,-284.256,215697969
854306657073,85,480.7274,526.4789,498.797,65.9023,83.6257,-230.8651,215697969
854306657081,85,480.4307,526.772,498.6331,-474.9323,-519.6341,-194.83,215698382
854306657089,85,480.7171,526.6133,498.8847,-677.9354,-201.6711,-70.8019,215697969
854307672832,85,480.6971,526.2407,498.8934,-182.8411,-610.0372,-98.0423,215697970
854307672839,85,480.5636,526.455,498.6235,-404.8858,-37.2991,-628.4477,215697969
854307672840,85,480.5515,526.6776,498.5472,-178.5043,-229.6989,151.4036,215697969
854307672843,85,480.6188,526.7261,498.6034,-364.9057,-230.9054,467.0131,215697969
854307672845,85,480.6317,526.1928,498.4376,-302.5751,32.3806,-98.3266,215697970
854307672846,85,480.636,526.3714,498.7263,-509.4705,-270.8783,-457.0807,215697969
854307672847,85,480.4578,526.3979,498.5849,-488.0054,-268.0991,-334.4497,215698382
854307672848,85,480.7982,526.5265,498.6097,-687.1806,-213.6526,-54.3838,215697969
854307672852,85,480.5555,526.4331,498.5307,-218.2883,-244.7012,80.1872,215697969
854307672853,85,480.6043,526.4511,498.6189,71.6577,-92.1621,-328.1151,215697969
854307672854,85,480.7067,526.4904,498.6644,-534.527,89.6724,25.9961,215697969
854307672855,85,480.5786,526.5228,498.6389,-201.2413,-311.4558,-193.848,215697969
854307672856,85,480.4814,526.449,498.7128,34.4428,-237.8816,-520.3011,215697969
854307672861,85,480.5322,526.4111,498.665,90.1135,-613.363,-325.4703,215697969
854307672862,85,480.5482,526.2336,498.4441,-195.5117,-201.1045,-47.6605,215697970
854307672863,85,480.55,526.5388,498.6467,44.6165,-412.5565,-517.796,215697969
854307672864,85,480.674,526.6176,498.6298,127.0247,-246.3899,199.1385,215697969
854307672870,85,480.6141,526.4426,498.445,-212.1009,-124.1671,-6.1579,215697969
854307672871,85,480.5721,526.5825,498.6483,-599.8257,-343.3297,426.9338,215697969
854307672872,85,480.5881,526.5302,498.5884,-422.3371,-285.1052,43.0809,215697969
854307672878,85,480.5036,526.8943,498.8515,-165.2782,-384.1965,40.5962,215697969
854307672879,85,480.6569,526.3798,498.8228,-119.4191,-531.5613,-167.744,215697969
854307672880,85,480.591,526.4364,498.6654,-479.9865,-372.9307,-194.9855,215697969
854307672886,85,480.8563,526.6761,498.7038,-78.2204,-129.169,-14.071,215697969
854307672887,85,480.7214,526.5915,498.7579,-185.8271,-196.243,160.0376,215697969
854307672888,85,480.6876,526.5156,498.655,-482.5887,-129.8341,-157.4213,215697969
854307672896,85,480.7956,526.5562,498.6147,-10.8739,-263.8324,171.5406,215697969
854307689217,85,480.4748,526.9549,498.6642,-213.3781,-487.8354,-4.5593,215697969
854307689218,85,480.7074,526.7941,498.5968,-202.9908,-407.7803,13.1513,215697969
854307689219,85,480.2645,526.6385,498.5368,-487.5828,-212.0305,5.8795,215698382
854307689225,85,480.4471,526.4302,498.7658,-40.7578,-476.1783,308.1541,215698382
854307689226,85,480.4622,526.4588,498.6766,-73.2145,21.6475,-269.1628,215698382
854307689229,85,480.6624,526.2736,498.4202,-297.5561,-171.1506,117.0904,215697970
854307689233,85,480.6065,526.3671,498.864,-439.4254,-364.83,0.1668,215697970
854307689234,85,480.454,526.3757,498.7006,-85.5241,-251.5119,-36.5995,215698382
854307689235,85,480.4179,526.569,498.4846,-215.8651,-357.5716,-119.7357,215698382
854307689236,85,480.6298,526.4879,498.7761,-203.0031,-71.1773,306.1502,215697969
854307689238,85,480.6097,526.501,498.7357,-112.433,148.1743,-2.0377,215697969
854307689241,85,480.4629,526.4918,498.8676,-228.8764,-271.0512,-19.284,215698382
854307689242,85,480.7333,526.3727,498.6046,-465.9778,-138.2039,-31.4175,215697969
854307689243,85,480.5942,526.619,498.6827,-65.4964,-562.2424,27.7454,215697969
854307689244,85,480.5461,526.4131,498.7205,-100.5338,-200.2494,156.0259,215697969
854307689245,85,480.6451,526.6536,498.6327,-155.9289,-161.604,-326.8911,215697969
854307689247,85,480.6962,526.56,498.7502,-635.3063,-319.2715,-449.0433,215697969
854307689249,85,480.5421,526.5656,498.7419,-79.9829,-462.1061,-343.3243,215697969
854307689250,85,480.4824,526.4518,498.6694,-211.346,-315.622,172.6357,215697969
854307689251,85,480.4665,526.4623,498.6451,-295.9005,-163.1863,1.3446,215698382
854307689252,85,480.4527,526.4904,498.6936,-199.9334,-181.776,107.4409,215698382
854307689253,85,480.4252,526.4885,498.6936,-408.3852,-118.8792,10.012,215698382
854307689254,85,480.5768,526.4969,498.5612,-361.0607,-569.7123,-32.84,215697969
854307689255,85,480.6847,526.5425,498.7852,-183.6286,-20.6611,-28.2,215697969
854307689257,85,480.5551,526.5153,498.6669,-602.8475,-517.1138,144.2727,215697969
854307689258,85,480.6241,526.4343,498.6939,-496.1008,-288.0247,-102.3675,215697969
854307689259,85,480.6043,526.5062,498.6959,-521.0068,-172.711,44.2042,215697969
854307689260,85,480.5892,526.4474,498.6279,-500.8079,-552.0324,-366.5979,215697969
854307689261,85,480.5615,526.4664,498.6837,-60.0305,-52.9688,-23.0307,215697969
854307689262,85,480.5702,526.476,498.6971,-312.7952,-391.4497,312.9788,215697969
854307689263,85,480.4885,526.7436,498.6674,-373.4629,-300.2314,-164.6564,215697969
854307689264,85,480.7599,526.6212,498.8797,-468.7515,-313.6861,-400.0053,215697969
854307689265,85,480.5999,526.4953,498.7254,-518.0345,-513.9249,-301.3623,215697969
854307689266,85,480.5594,526.4635,498.6675,-74.0431,-40.8685,-173.239,215697969
854307689267,85,480.6042,526.5248,498.6824,-159.997,96.2083,-97.0244,215697969
854307689268,85,480.5869,526.4903,498.675,-493.1854,-492.8305,-555.6483,215697969
854307689269,85,480.6033,526.501,498.6757,-186.3312,-522.2048,-108.0727,215697969
854307689270,85,480.5806,526.5419,498.6604,-175.7626,275.3357,13.5922,215697969
854307689271,85,480.3052,526.4319,498.5805,-92.9879,-278.7676,16.7399,215698382
854307689272,85,480.3326,526.6905,498.6917,-356.3079,-289.5746,-171.1033,215698382
854307689273,85,480.6331,526.4422,498.7145,291.0605,-333.8007,-47.1965,215697969
854307689274,85,480.5412,526.5251,498.6697,-161.1697,75.9032,-297.4524,215697969
854307689275,85,480.5856,526.4958,498.6958,-485.2445,-223.4442,70.2216,215697969
854307689276,85,480.5839,526.4973,498.7025,-522.58,-239.9845,46.7642,215697969
854307689277,85,480.5862,526.4929,498.6978,-290.6874,-367.8171,255.5681,215697969
854307689278,85,480.6185,526.5175,498.7135,-251.6399,-232.3096,-222.3191,215697969
854307689279,85,480.5979,526.5151,498.711,-279.3396,-628.5408,-510.0471,215697969
854307689280,85,480.5375,526.3676,498.5791,-82.7646,-125.33,54.8861,215697969
854307689281,85,480.7962,526.4922,498.6357,83.6286,-380.5983,139.7644,215697969
854307689282,85,480.5824,526.5008,498.6829,-408.0565,-166.9261,-414.413,215697969
854307689283,85,480.6137,526.5029,498.6394,-316.0019,-120.4127,66.2235,215697969
854307689284,85,480.5532,526.475,498.6679,-291.1466,-230.7565,-359.1481,215697969
854307689285,85,480.5673,526.4062,498.6722,-351.9375,35.5892,-86.3786,215697969
854307689286,85,480.5367,526.4621,498.6324,-27.4267,-516.093,0.6029,215697969
854307689287,85,480.8098,526.462,498.739,-678.3452,-217.7484,-78.5331,215697969
854307689290,85,480.7386,526.4542,498.6016,-549.8139,-319.9266,336.6126,215697969
854307689291,85,480.549,526.4221,498.6935,-160.7706,294.815,-202.0511,215697969
854307689292,85,480.755,526.7865,498.7289,-128.7622,-140.6874,53.8305,215697969
854307689293,85,480.3035,526.5515,498.5941,-504.721,-322.7593,-51.8815,215698382
854307689325,85,480.505,526.5524,498.6132,-433.2219,156.3888,347.8091,215697969
854307689326,85,480.5319,526.54,498.6313,-494.619,254.7465,289.5868,215697969
854307689333,85,480.7086,526.3685,498.4447,-549.6136,29.9451,4.3699,215697969
854307705657,85,480.7703,526.6647,498.9585,-545.7032,-209.3941,-167.6028,215697969
854308721408,85,480.8412,526.7122,498.5567,-57.4273,-331.0709,120.1108,215697969
854308721414,85,480.6493,526.6671,498.8508,-125.1451,-346.7321,292.9828,215697969
854308721415,85,480.674,526.8672,498.6682,-136.1361,-463.0075,137.1907,215697969
854308721416,85,480.4254,526.7139,498.6969,-496.2627,-221.0728,36.5948,215698382
854308721420,85,480.607,526.4891,498.435,-29.2056,56.3376,57.2837,215697969
854308721421,85,480.5692,526.5004,498.8141,-340.8264,-702.1456,-332.8353,215697969
854308721422,85,480.3305,526.4106,498.6998,-441.9824,-152.7703,-239.7872,215698382
854308721423,85,480.6621,526.4056,498.5607,-233.9674,21.8125,-82.3509,215697969
854308721424,85,480.7711,526.8392,498.7637,-259.1131,-336.9463,39.3456,215697969
854308721428,85,480.6372,526.6946,498.7168,-306.3145,-53.4141,325.8125,215697969
854308721429,85,480.4539,526.4592,498.711,-391.0666,-635.5746,-153.1574,215698382
854308721430,85,480.5326,526.4251,498.7161,-419.4107,-16.0663,-396.7258,215697969
854308721431,85,480.3858,526.7094,498.5995,-353.2542,-165.6317,6.6893,215698382
854308721437,85,480.5688,526.3065,498.5854,-100.3679,-436.5176,-349.687,215697970
854308721438,85,480.5591,526.465,498.6511,181.4711,-470.6278,185.9558,215697969
854308721439,85,480.5807,526.5057,498.66,-372.7073,-73.2159,103.9714,215697969
854308721440,85,480.5458,526.4114,498.4978,-156.2329,11.4376,284.6555,215697969
854308721445,85,480.7205,526.848,498.7711,-256.646,-184.7601,105.7346,215697969
854308721446,85,480.4065,526.4579,498.7727,-156.8201,-494.8997,-166.1076,215698382
854308721447,85,480.3766,526.4022,498.7597,-463.3828,-566.463,115.6303,215698382
854308721448,85,480.7559,526.4684,498.6966,-572.3619,105.085,-61.9422,215697969
854308721453,85,480.1215,526.2751,498.5386,-223.3066,-452.8406,-151.9288,215698381
854308721454,85,480.6407,526.4373,498.5404,-348.7358,12.4774,187.5534,215697969
854308721455,85,480.5785,526.4765,498.7402,-413.2797,101.9311,-370.3074,215697969
854308721456,85,480.5599,526.5175,498.6261,-337.2274,-199.1803,236.9451,215697969
854308721463,85,480.8158,526.5265,498.7039,-306.1098,-109.8837,-68.072,215697969
854308721464,85,480.556,526.5729,498.7243,-542.2119,-618.2026,-144.882,215697969
854308721472,85,480.2716,526.495,498.6386,-56.9684,-183.9612,-202.4697,215698382
854308737785,85,480.9527,526.6629,498.7634,-328.7026,-362.8221,103.6074,215697969
854308737786,85,480.1719,526.4423,498.7106,-134.4073,-178.1302,-310.4924,215698382
854308737794,85,480.6163,526.6353,498.7208,-285.6903,-792.8271,-0.2212,215697969
854308737795,85,480.8117,526.4354,498.8382,-342.2375,-332.4016,216.3518,215697969
854308737801,85,480.6117,526.5016,498.5739,-321.1257,-246.7502,-327.6367,215697969
854308737802,85,480.5005,526.7108,498.5536,-480.5907,-557.7468,103.9454,215697969
854308737803,85,480.6234,526.5009,498.769,-595.9391,-398.1737,-98.0277,215697969
854308737804,85,480.4943,526.5157,498.4116,-174.0508,-327.9498,23.0691,215697969
854308737805,85,480.5716,526.1451,498.4865,-262.165,-224.7406,39.3957,215697970
854308737809,85,480.4816,526.4055,498.7244,-226.9378,-420.4861,-257.8515,215697969
854308737810,85,480.584,526.5051,498.7158,-62.9227,-75.2276,405.7701,215697969
854308737811,85,480.6522,526.5434,498.6577,-275.92,-232.8509,181.2851,215697969
854308737812,85,480.4979,526.5966,498.5888,-169.2867,-533.5263,-107.5285,215697969
854308737813,85,480.5648,526.4933,498.3743,-203.245,-379.2239,129.3345,215697969
854308737814,85,480.5223,526.2551,498.7602,-152.0936,-60.1902,-14.7196,215697970
854308737815,85,480.8359,526.7982,498.7444,-487.0282,-325.0829,-229.852,215697969
854308737817,85,480.4722,526.5452,498.6576,-393.3499,-118.8901,-283.4282,215697969
854308737818,85,480.7984,526.6712,498.6619,-358.7599,-341.8937,-171.7137,215697969
854308737819,85,480.7312,526.5175,498.5551,-356.2067,-359.1092,-228.959,215697969
854308737820,85,480.6295,526.45,498.6883,-513.0281,-671.0504,-184.6422,215697969
854308737821,85,480.5538,526.438,498.7141,-420.381,-551.8518,374.3847,215697969
854308737822,85,480.5801,526.7693,498.7662,-197.3465,-11.5711,-103.6497,215697969
854308737823,85,480.7812,526.6882,498.8253,-511.8793,-296.0308,-319.5832,215697969
854308737825,85,480.5286,526.5162,498.714,-517.0242,-345.1304,236.5952,215697969
854308737826,85,480.5395,526.4717,498.7272,-62.5465,-249.9964,284.9163,215697969
854308737827,85,480.6038,526.489,498.7429,-317.7286,-261.3506,-184.6254,215697969
854308737828,85,480.6525,526.4798,498.6636,-417.7787,-471.037,-126.2963,215697969
854308737829,85,480.5507,526.6076,498.6804,-157.8366,144.307,-231.4251,215697969
854308737830,85,480.4478,526.413,498.7298,-2.3953,-56.7078,-101.1071,215698382
854308737831,85,480.3372,526.2629,498.5619,-421.7097,-514.902,-53.6855,215698381
854308737833,85,480.6827,526.3881,498.6512,-638.5664,-150.6896,50.8319,215697969
854308737834,85,480.5833,526.5223,498.5739,-276.7017,-242.3388,-513.8984,215697969
854308737835,85,480.5852,526.4519,498.6777,-233.049,-146.9286,165.1543,215697969
854308737836,85,480.5822,526.4937,498.6786,-33.6345,202.8893,-178.7296,215697969
854308737837,85,480.6276,526.3506,498.7062,-231.1443,-13.2123,-215.8705,215697970
854308737838,85,480.4172,526.3939,498.7534,-112.2896,-212.8493,-10.1753,215698382
854308737839,85,480.4268,526.785,498.621,-267.1253,-432.8878,-128.7438,215698382
854308737840,85,480.6987,526.748,498.7871,-463.2269,-313.8505,-358.5677,215697969
854308737841,85,480.6254,526.5439,498.6556,20.7661,-726.4958,128.3961,215697969
854308737842,85,480.5872,526.5028,498.6702,-458.8395,-270.0294,-325.8883,215697969
854308737843,85,480.6002,526.522,498.655,-42.0862,-343.9325,-128.8082,215697969
854308737844,85,480.5421,526.5034,498.6442,-186.415,-27.6006,-279.7219,215697969
854308737845,85,480.4393,526.3754,498.8316,-201.8112,-167.0769,-134.4651,215698382
854308737846,85,480.6335,526.4797,498.6635,-330.9484,-130.0782,-133.283,215697969
854308737847,85,480.6087,526.4825,498.7171,440.5367,-25.8077,52.5864,215697969
854308737848,85,480.7138,526.6432,498.8175,-510.216,-305.2509,-411.6003,215697969
854308737849,85,480.4838,526.3307,498.6566,-213.3781,-604.0657,-12.3474,215697970
854308737850,85,480.5646,526.4948,498.6765,-319.307,-210.352,82.1601,215697969
854308737851,85,480.5811,526.4949,498.6689,-494.6105,-297.0843,-44.3819,215697969
854308737852,85,480.5899,526.5197,498.6703,-2.3143,83.0449,102.6384,215697969
854308737853,85,480.5963,526.4994,498.7009,-307.2495,-284.458,15.0478,215697969
854308737854,85,480.6245,526.4827,498.6766,-266.8927,-419.1401,189.6241,215697969
854308737855,85,480.6084,526.5181,498.5306,-533.0261,-171.7014,345.4525,215697969
854308737856,85,480.506,526.4036,498.8704,-145.6191,-206.5941,-414.3426,215697969
854308737857,85,480.2981,526.5651,498.6678,-125.149,-171.8208,-209.3361,215698382
854308737858,85,480.7132,526.3438,498.7093,-608.5114,-84.2788,-161.0743,215697970
854308737859,85,480.5992,526.5051,498.6965,-310.3865,-241.3742,-16.325,215697969
854308737860,85,480.5928,526.4601,498.7016,-432.0013,-310.7242,-86.7242,215697969
854308737861,85,480.6023,526.52,498.6843,-477.4092,-214.4105,-317.4028,215697969
854308737881,85,481.0093,526.4647,498.7919,-553.2474,-167.875,-289.9861,215697969
854308737898,85,480.6527,526.3216,498.8575,-543.9706,-66.18,-366.6615,215697970
854308737900,85,480.4103,526.6638,498.7972,-413.7026,-107.6154,260.9282,215698382
854308737909,85,480.5538,526.5161,498.6389,-688.2332,296.2869,159.9928,215697969
854309769983,85,480.3834,526.6033,498.4907,30.2528,-35.7462,-207.5154,215698382
854309769984,85,480.8886,526.6461,498.6708,-225.439,-415.5831,161.1215,215697969
854309769988,85,480.4959,526.5143,498.4055,-169.0651,105.2977,-107.7544,215697969
854309769989,85,480.8691,526.7157,498.7646,-253.6307,-467.1847,104.1786,215697969
854309769990,85,480.4778,526.6302,498.4454,-386.3891,-137.5822,-323.9793,215697969
854309769991,85,480.3037,526.3892,498.6065,-391.0163,-511.3737,-161.9803,215698382
854309769992,85,480.5528,526.454,498.7103,-167.2693,-799.7849,-6.2694,215697969
854309769996,85,480.6884,526.6638,498.6357,-397.7582,85.114,147.8818,215697969
854309769998,85,480.6291,526.4443,498.7247,-465.8063,-455.7167,201.9164,215697969
854309769999,85,480.7445,526.742,498.7171,-166.5736,-269.3381,85.4914,215697969
854309770000,85,480.4933,526.4893,498.7537,-498.546,-325.637,22.0257,215697969
854309770005,85,480.7844,526.7382,498.7931,-364.9418,-27.8639,39.7396,215697969
854309770006,85,480.5705,526.5157,498.7547,-121.4936,-262.0382,194.9574,215697969
854309770007,85,480.6045,526.5232,498.674,-174.9604,28.3323,-116.3147,215697969
854309770008,85,480.569,526.3656,498.6527,-209.5608,-366.5117,-267.213,215697970
854309770013,85,480.3919,526.6374,498.7386,-207.1931,-658.6353,48.1017,215698382
854309770014,85,480.818,526.3613,498.7519,-384.3624,-263.0647,117.315,215697970
854309770015,85,480.5792,526.5043,498.6904,-258.358,-739.006,7.565,215697969
854309770016,85,480.4971,526.425,499.0153,-278.7637,-355.8258,-87.6222,215697969
854309770021,85,480.466,526.1458,498.6412,-49.3072,-100.9921,-97.6563,215698381
854309770022,85,480.4407,526.2936,498.6117,-221.0492,-483.0315,-294.918,215698381
854309770024,85,480.6179,526.5165,498.6502,-385.2125,-76.1347,254.4773,215697969
854309770030,85,480.6595,526.8383,498.7308,-315.1651,-112.4035,90.9514,215697969
854309770032,85,480.5456,526.556,498.7958,-262.9881,-337.4321,-37.0674,215697969
854309770040,85,480.7843,526.5031,498.6553,-80.5911,-198.6137,-312.9949,215697969
854309786361,85,480.9177,526.7148,498.7494,-317.3255,-394.4853,108.0815,215697969
854309786362,85,480.1721,526.3991,498.6697,-154.0477,-135.3924,-317.1826,215698382
854309786371,85,480.4992,526.5948,498.4485,-100.8045,-161.3587,-253.8436,215697969
854309786377,85,480.5336,526.4656,498.6706,-431.0283,-329.4273,-475.7291,215697969
854309786378,85,480.23,526.4304,498.6974,-198.4771,-394.6405,-119.984,215698382
854309786379,85,480.4541,526.5364,498.6988,-360.4872,-696.8524,-36.4714,215698382
854309786380,85,480.5032,526.4785,498.4286,-110.8112,-286.8036,-25.2268,215697969
854309786381,85,480.5381,526.3705,498.49,-141.6152,-354.6345,62.8609,215697969
854309786385,85,480.6013,526.4527,498.62,-280.0823,-78.2502,-141.6482,215697969
854309786386,85,480.5831,526.4197,498.8114,-188.9182,-313.5281,-45.3769,215697969
854309786387,85,480.5184,526.5084,498.726,-141.7542,-557.7396,-559.2714,215697969
854309786388,85,480.6622,526.4583,498.5752,-605.7586,-61.2705,-20.2857,215697969
854309786389,85,480.6335,526.5072,498.5873,-134.8761,-704.5889,-122.2409,215697969
854309786390,85,480.2577,526.2012,498.6716,-281.962,-346.6173,39.0169,215698381
854309786393,85,480.5851,526.3969,498.7566,-185.5399,-496.0509,-102.6352,215697969
854309786394,85,480.6218,526.4496,498.6176,-638.0248,-411.181,49.983,215697969
854309786395,85,480.3646,526.5668,498.6299,-162.4679,-186.7052,343.3614,215698382
854309786396,85,480.5449,526.4807,498.5596,-387.9264,-283.3898,200.2857,215697969
854309786397,85,480.6566,526.4127,498.6279,-376.8912,-655.968,5.4778,215697969
854309786398,85,480.6683,526.811,498.6547,-222.7364,-441.3432,-148.3111,215697969
854309786401,85,480.3842,526.4226,498.7094,-265.2068,-368.2298,-52.1469,215698382
854309786402,85,480.2803,526.5038,498.692,-415.3451,-223.3424,1.3828,215698382
854309786403,85,480.6203,526.5323,498.677,63.924,-478.62,-333.0209,215697969
854309786404,85,480.6669,526.4445,498.6294,-583.4387,-298.7721,196.0069,215697969
854309786405,85,480.5692,526.3651,498.6725,-471.9201,-427.4536,160.5233,215697970
854309786406,85,480.5214,526.4103,498.8294,-268.8938,-225.255,75.4321,215697969
854309786407,85,480.8063,526.7009,498.871,-483.5793,-280.4302,-318.1853,215697969
854309786409,85,480.6025,526.448,498.6769,-595.7487,-564.7391,-510.7142,215697969
854309786410,85,480.4482,526.2705,498.7816,-310.9486,-299.4012,2.9703,215698381
854309786411,85,480.5764,526.4608,498.6542,-365.5762,-173.1626,-448.4437,215697969
854309786412,85,480.5856,526.5032,498.6672,-47.1684,-245.4271,-73.7964,215697969
854309786413,85,480.6004,526.4749,498.658,-707.3525,-458.7266,261.4007,215697969
854309786414,85,480.5329,526.4984,498.7178,-685.9551,25.8531,433.0119,215697969
854309786417,85,480.7702,526.7394,498.7757,-272.8804,-429.2883,-191.1538,215697969
854309786418,85,480.5423,526.4791,498.6612,-326.3716,-201.2173,-206.7888,215697969
854309786419,85,480.6067,526.4935,498.6868,-21.8408,-243.5892,45.6407,215697969
854309786420,85,480.6014,526.5157,498.6964,-45.8867,-414.6327,-151.4553,215697969
854309786421,85,480.6749,526.6825,498.7772,-170.4322,-276.1298,-169.3899,215697969
854309786422,85,480.846,526.4413,498.7672,-314.5966,-436.5912,-169.3821,215697969
854309786423,85,480.353,526.575,498.7194,158.6808,-81.1186,66.6114,215698382
854309786425,85,480.7964,526.8118,498.7136,-149.3995,-316.1105,-78.269,215697969
854309786426,85,480.5687,526.43,498.6721,-322.0172,-571.7522,-16.8916,215697969
854309786427,85,480.6105,526.4377,498.6956,-287.5175,15.7046,-196.6682,215697969
854309786428,85,480.5442,526.4976,498.59,-247.7709,-187.0445,-184.955,215697969
854309786429,85,480.4993,526.6175,498.8585,-241.9215,-239.6165,192.8707,215697969
854309786430,85,480.867,526.5795,498.7178,-386.4766,-555.744,-204.8941,215697969
854309786431,85,480.4088,526.2519,498.5309,-387.9976,96.4052,-18.8553,215698381
854309786434,85,480.8324,526.6779,498.7892,-276.4575,-418.0814,-130.4945,215697969
854309786435,85,480.5481,526.4285,498.6144,-563.7358,-309.7225,-149.9084,215697969
854309786436,85,480.484,526.6064,498.7834,-81.6563,-262.6743,-17.8373,215697969
854309786437,85,480.2735,526.5879,498.6252,-224.7997,-121.6362,87.5696,215698382
854309786479,85,480.6768,526.4345,498.7014,-734.8279,-15.2399,-322.4985,215697969
854310818557,85,480.4944,526.3548,499.0072,-422.331,-127.3969,-250.6743,215697970
854310818558,85,480.4843,526.3602,498.8884,-379.0037,-77.1171,-353.3586,215697970
854310818560,85,480.3906,526.3819,498.6638,-191.4563,70.3196,-356.7827,215698382
854310818564,85,480.7244,526.7835,498.8752,-126.6967,-167.5448,-101.6183,215697969
854310818566,85,480.5439,526.4806,498.9508,-267.5089,-176.1312,-204.762,215697969
854310818573,85,480.7928,526.4995,498.7943,-11.336,-297.5083,-435.3426,215697969
854310818575,85,480.605,526.4433,498.556,-369.6764,-23.9958,60.5121,215697969
854310818576,85,480.6979,526.5744,498.7962,-533.2544,-320.1044,-14.7641,215697969
854310818583,85,480.5875,526.4891,498.7317,88.7787,-375.1049,-96.0684,215697969
854310818584,85,480.6305,526.4931,498.6727,123.5401,-180.5877,-243.48,215697969
854310818590,85,480.2268,526.6063,498.5864,69.6127,-313.1161,-89.525,215698382
854310818591,85,480.7212,526.6158,498.8885,-192.0617,-241.7086,116.1145,215697969
854310818592,85,480.607,526.4975,498.5991,-53.5602,-243.0756,-372.0775,215697969
854310818598,85,480.6494,526.3691,498.7816,157.3395,-338.2497,27.8285,215697969
854310818599,85,480.203,526.4241,498.601,-319.4539,-34.325,-302.4549,215698382
854310818600,85,480.5362,526.5522,498.6092,81.3922,-22.437,329.4146,215697969
854310834937,85,480.4193,526.5945,498.421,41.9281,-134.6635,-86.2164,215698382
854310834946,85,480.636,526.6121,498.6743,-649.2166,-379.4529,324.1451,215697969
854310834947,85,480.7369,526.7343,498.7494,-344.6511,-597.67,33.5494,215697969
854310834948,85,480.5134,526.537,498.4113,67.0634,-473.0177,-171.2544,215697969
854310834953,85,480.5872,526.4898,498.7152,-442.75,-179.5997,-397.1331,215697969
854310834954,85,480.702,526.3356,498.5568,-14.6167,-181.5818,-223.1449,215697970
854310834955,85,480.5092,526.3726,498.5075,-10.3818,5.3589,52.5591,215697969
854310834956,85,480.5441,526.5606,498.8205,-390.7909,96.1512,144.0003,215697969
854310834957,85,480.5291,526.7585,498.5956,-227.4418,-200.7786,-284.9553,215697969
854310834961,85,480.5917,526.4814,498.6925,-112.8971,-550.2116,-183.3423,215697969
854310834962,85,480.608,526.528,498.7071,-86.403,-207.3469,-95.429,215697969
854310834963,85,480.848,526.428,498.6042,-487.7668,-358.578,-131.1569,215697969
854310834965,85,480.6476,526.5528,498.4167,-406.6518,-472.2521,246.7074,215697969
854310834966,85,480.7296,526.689,498.6395,-459.4098,-431.3798,-420.5276,215697969
854310834969,85,480.2666,526.5242,498.5055,-83.5092,-438.5703,30.5312,215698382
854310834970,85,480.5448,526.4981,498.685,-480.6006,83.5575,299.3672,215697969
854310834971,85,480.5319,526.5114,498.6892,-564.4651,-93.7973,285.8725,215697969
854310834972,85,480.5304,526.5236,498.6855,-118.3666,33.2754,247.9352,215697969
854310834973,85,480.4102,526.6445,498.6367,-256.1294,-74.2067,-146.8029,215698382
854310834974,85,480.6464,526.776,498.6248,-186.0834,-192.7127,-230.1559,215697969
854310834977,85,480.5533,526.4948,498.7265,386.0093,-438.0719,-437.6873,215697969
854310834978,85,480.661,526.4711,498.6285,-224.228,-710.1741,-336.3171,215697969
854310834979,85,480.4025,526.5657,498.8189,-58.3465,-178.1312,-96.6289,215698382
854310834980,85,480.6132,526.5463,498.7308,214.3199,-204.4439,72.1765,215697969
854310834981,85,480.8276,526.6707,498.7391,-35.2983,-317.4925,-12.7456,215697969
854310834982,85,480.6192,526.6608,498.781,-93.4746,95.0749,-171.0585,215697969
854310834985,85,480.7587,526.6859,498.6914,21.5838,-270.3423,-64.7638,215697969
854310834987,85,480.6748,526.4626,498.6336,-106.1563,-578.3531,-252.5035,215697969
854310834988,85,480.5569,526.4749,498.8242,-178.5711,-67.8053,-364.6275,215697969
854310834989,85,480.8037,526.3588,498.743,-223.3989,-480.495,-162.4526,215697970
854310834992,85,480.6388,526.2877,498.4777,-121.7455,-529.6102,-301.4095,215697970
854310834993,85,480.4875,526.4785,498.7782,223.8959,-454.5388,100.0255,215697969
854310834994,85,480.6331,526.4532,498.5763,-375.1327,-503.7396,100.0628,215697969
854310834995,85,480.6057,526.5595,498.6698,-306.9584,-273.4258,-23.9113,215697969
854310834996,85,480.7587,526.4976,498.7164,-506.1477,-348.9166,-354.1855,215697969
854310834997,85,480.9082,526.8144,498.6736,-243.3992,-501.9124,-88.577,215697969
854310834998,85,480.422,526.8519,498.7315,4.5318,-91.6827,56.0897,215698382
854310835001,85,480.9612,526.4443,498.7333,-190.5374,-295.3405,-8.6319,215697969
854310835002,85,480.6271,526.6583,498.7468,-201.7089,-365.8164,54.7023,215697969
854310835003,85,480.5697,526.4809,498.6167,-805.0701,-17.2343,49.8029,215697969
854311867132,85,480.723,526.4632,498.7986,-150.6982,-414.9016,120.811,215697969
854311867133,85,480.3055,526.6157,498.5536,-392.317,-170.6871,-302.6592,215698382
854311867134,85,480.3691,526.6759,498.4041,-195.0634,-253.2144,-284.8698,215698382
854311867141,85,480.404,526.636,498.5727,-267.064,-127.2886,-430.4781,215698382
854311867142,85,480.3508,526.6924,498.558,-240.7685,-182.5529,-360.4256,215698382
854311867144,85,480.6228,526.7407,498.5779,-100.8657,-495.321,202.6413,215697969
854311867148,85,480.1735,526.393,498.7389,-208.1663,-561.9691,121.7843,215698382
854311867149,85,480.5008,526.4728,498.6563,-664.2653,-270.9078,388.6082,215697969
854311867150,85,481.1105,526.4909,498.7128,-316.7617,-240.6536,-150.2907,215697969
854311867151,85,481.0862,526.5414,498.6805,-390.5005,-175.297,-87.3903,215697969
854311867152,85,480.5781,526.4686,498.7249,-386.886,-631.0909,106.3699,215697969
854311867157,85,480.7165,526.3873,498.745,-86.5925,73.6912,-331.8049,215697969
854311867158,85,480.6172,526.7571,498.5402,-543.6196,-378.0242,3.7412,215697969
854311867159,85,480.5515,526.1866,498.5068,-181.6049,-471.7863,-292.0518,215697970
854311867160,85,480.6483,526.4388,498.6556,-171.9519,-237.4871,85.6295,215697969
854311867166,85,480.8026,526.5484,498.6451,-143.1149,37.9705,-314.8976,215697969
854311867168,85,480.5841,526.4488,498.7332,-237.9643,-562.6966,162.6105,215697969
854311867174,85,480.678,526.3988,498.7206,-20.5652,99.3953,-361.2763,215697969
854311867175,85,480.4448,526.6518,498.5736,-319.4796,-557.9794,168.8524,215698382
854311883521,85,480.417,526.4922,498.3143,-274.3064,-35.4417,-248.3069,215698382
854311883525,85,480.6454,526.2709,498.7747,-118.0605,-65.6033,346.3122,215697970
854311883529,85,480.6038,526.5007,498.6935,-345.7148,-661.382,158.5126,215697969
854311883530,85,480.5662,526.5506,498.5852,-194.7616,-103.0428,58.136,215697969
854311883531,85,480.5999,526.6773,498.5808,-351.5921,-272.0399,124.1643,215697969
854311883532,85,480.5842,526.4649,498.4036,-242.3614,-410.3954,289.9054,215697969
854311883533,85,480.5666,526.1516,498.5431,-281.6547,-202.224,197.6762,215697970
854311883537,85,480.5799,526.4551,498.6342,-404.7432,-75.0439,107.7206,215697969
854311883539,85,480.5631,526.3175,498.5685,-438.9031,-438.2614,-88.6147,215697970
854311883542,85,480.7114,526.7289,498.84,-289.7521,-204.7897,-446.3295,215697969
854311883545,85,480.6234,526.5882,498.7854,-14.1114,-353.9843,-90.0605,215697969
854311883546,85,480.5573,526.494,498.6625,-461.4107,9.6343,-51.8074,215697969
854311883547,85,480.5992,526.4614,498.6554,-640.1491,-438.724,-109.1483,215697969
854311883548,85,480.5506,526.5479,498.7065,-123.7093,-209.9555,34.8224,215697969
854311883549,85,480.853,526.5292,498.7876,-130.3321,-406.9733,-131.5121,215697969
854311883550,85,480.7275,526.362,498.4465,-207.1909,-594.3667,-90.3011,215697970
854311883553,85,480.4683,526.5982,498.6937,-143.9019,-34.336,98.053,215698382
854311883554,85,480.5148,526.4197,498.5399,-482.9625,-296.5905,83.3973,215697969
854311883555,85,480.7023,526.5131,498.673,-268.3435,-395.498,-462.0597,215697969
854311883556,85,480.5219,526.4338,498.6283,-296.395,-69.4543,-75.2238,215697969
854311883557,85,480.4427,526.3096,498.5412,-288.2937,-34.8232,126.8799,215698381
854311883558,85,480.6925,526.498,498.5907,-29.6022,-767.0436,-110.0088,215697969
854311883561,85,480.7507,526.5032,498.6579,-124.4169,-165.1885,-431.4101,215697969
854311883562,85,480.8062,526.5924,498.8095,73.3276,-269.2063,-60.2105,215697969
854311883563,85,480.5749,526.4911,498.4915,-359.6122,-383.394,-7.9741,215697969
854311883569,85,480.3392,526.4401,498.741,-358.3577,109.186,-263.4615,215698382
854311883570,85,480.8093,526.5242,498.7955,-269.6494,-371.745,-181.6387,215697969
854311883571,85,480.3052,526.5836,498.6693,-60.5819,-108.8668,-10.9054,215698382
854312915701,85,480.5315,526.5128,498.7017,175.6828,-551.3678,-386.811,215697969
854312915702,85,480.7864,526.5184,498.6468,-261.7513,-231.4996,-14.529,215697969
854312915703,85,480.7168,526.2338,498.8982,-487.0491,-265.7314,-272.3497,215697970
854312915711,85,480.4398,526.6808,498.5144,-339.3053,-289.2148,4.2861,215698382
854312915712,85,480.5889,526.4325,498.6206,-361.7249,-20.6054,375.2751,215697969
854312915720,85,480.4771,526.7852,498.5208,-147.0987,-317.1719,42.3497,215697969
854312915727,85,481.0379,526.4667,498.729,-358.7029,-155.5494,-56.9123,215697969
854312915728,85,480.3967,526.2912,498.724,95.8049,-519.3848,-125.3741,215698381
854312915734,85,480.8485,526.5341,498.6606,-187.676,38.4971,-263.5259,215697969
854312915744,85,480.7842,526.8003,498.5923,-391.5975,-99.3483,-88.7801,215697969
854312915752,85,480.6887,526.4117,498.7207,-138.7051,-53.8735,-525.1107,215697969
854312932091,85,480.8269,526.4282,498.744,-416.1725,-332.6296,384.9514,215697969
854312932097,85,480.78,526.5499,498.6794,-35.2059,-130.2881,68.2894,215697969
854312932098,85,480.1117,526.4646,498.6207,-19.0577,-178.5461,-62.4146,215698382
854312932099,85,480.4728,526.4568,498.9046,-456.3457,-214.262,51.175,215697969
854312932123,85,480.5896,526.5667,498.8539,-0.9808,-218.6226,29.9616,215697969
854312932124,85,480.8563,526.5623,498.7535,-105.072,-377.5244,-209.1779,215697969
854312932125,85,480.5096,526.1277,498.5871,-403.2786,-278.8015,54.1234,215697970
854312932129,85,480.2803,526.6416,498.8092,107.1895,-365.9106,-141.1277,215698382
854312932131,85,480.7156,526.6376,498.8143,48.293,-226.1772,40.0911,215697969
854312932132,85,480.646,526.0249,498.5699,-325.24,-311.2905,-9.4262,215697970
854312932133,85,480.6588,526.3373,498.6031,-350.1009,-719.0255,-81.9028,215697970
854312932138,85,480.4353,526.3514,498.5152,-554.6038,-375.3255,21.8321,215698381
854312932139,85,480.1982,526.37,498.5386,-397.9767,-214.2317,71.8957,215698382
854312932140,85,480.7848,526.9376,498.5917,-103.853,-430.6536,-61.7018,215697969
854313964277,85,480.2303,526.5992,498.7324,-129.1265,-239.622,-143.6813,215698382
854313964278,85,480.7307,526.5925,498.7103,-57.4512,-213.6443,-183.8719,215697969
854313964279,85,480.6745,526.4465,498.6679,-424.5627,-285.7802,53.3818,215697969
854313964284,85,480.7138,526.497,498.6468,-156.5205,-208.9095,-164.0065,215697969
854313964287,85,480.6177,526.468,498.7146,-325.2704,16.4573,-668.7017,215697969
854313964288,85,480.5719,526.5428,498.4944,-303.5656,-347.4801,267.8369,215697969
854313964292,85,480.751,526.4832,498.7808,-50.195,-336.4123,168.9738,215697969
854313964295,85,480.8979,526.4158,498.986,-187.7744,-255.4356,-101.737,215697969
854313964296,85,480.9078,526.4435,498.8274,-320.657,-265.4818,-213.0889,215697969
854313964303,85,480.2503,526.5674,498.4883,-383.5148,-145.9427,-254.1716,215698382
854313964304,85,480.1635,526.4339,498.7508,-2.6154,-474.5484,75.2287,215698382
854313964311,85,480.3682,526.4467,498.8412,159.2487,-354.332,-66.2356,215698382
854313964312,85,480.699,526.6841,498.5034,-516.9456,-295.1586,35.4658,215697969
854313964328,85,480.6732,526.4565,498.759,-860.5394,-168.4079,-106.8733,215697969
854313980673,85,480.6177,526.8339,498.7603,-407.6921,-671.2767,-27.2972,215697969
854313980681,85,480.597,526.3652,498.776,202.7036,-144.4315,-261.3422,215697970
854313980682,85,480.7857,526.4889,498.6048,-164.5146,-9.5809,-381.9249,215697969
854313980684,85,480.7178,526.6301,498.5472,1.4178,-426.9143,-333.859,215697969
854313980685,85,480.5616,526.2341,498.5535,-348.5133,-587.806,257.5801,215697970
854313980690,85,480.5075,526.4754,498.3682,-425.3048,-227.2565,105.8021,215697969
854313980698,85,480.5714,526.4175,498.3158,-402.6312,-261.6584,-59.8261,215697969
854313980699,85,480.6523,526.408,498.3997,-336.9,-363.7589,-342.3712,215697969
854313980706,85,480.6819,526.4923,498.6062,-389.5571,-544.7446,-537.3001,215697969
854313980709,85,480.5939,526.0563,498.5764,-615.4469,-257.4413,-46.7143,215697970
854315012852,85,480.7202,526.5884,498.6737,-650.199,-605.738,150.6607,215697969
854315012853,85,480.6116,526.3041,498.761,-345.6687,-233.3193,-9.0119,215697970
854315012854,85,480.5685,526.5048,498.6532,-690.8731,-786.3029,-93.5479,215697969
854315012855,85,480.698,526.6134,498.6886,-405.4623,-385.7646,-115.9971,215697969
854315012859,85,480.3607,526.6547,498.3988,-177.9656,-282.267,-10.9996,215698382
854315012860,85,480.189,526.4911,498.57,-346.74,-243.7025,-150.1027,215698382
854315012861,85,480.6741,526.4169,498.6085,-72.8093,-667.3351,-107.7626,215697969
854315012863,85,480.612,526.5401,498.5875,-334.5112,-314.9688,-144.4959,215697969
854315012864,85,480.7426,526.3081,498.8949,-141.0133,-274.974,-2.2957,215697970
854315012869,85,480.6805,526.542,498.6328,228.4922,-149.489,-144.5936,215697969
854315012870,85,480.3268,526.6391,498.4632,-153.6716,-263.078,-34.0869,215698382
854315012871,85,480.5523,526.502,498.7114,312.0645,-623.579,38.158,215697969
854315012877,85,481.0258,526.5635,498.6833,-550.3952,-385.4693,61.4832,215697969
854315012879,85,480.2222,526.4635,498.5145,-183.8122,-189.548,-45.4787,215698382
854315012880,85,480.6054,526.1255,498.5587,-198.3916,-429.4292,-175.8518,215697970
854315029249,85,480.4,526.6234,498.4208,-201.4677,-208.9195,58.8405,215698382
854315029260,85,480.5725,526.238,498.4341,-405.8199,-606.6708,131.4615,215697970
854315029275,85,480.1678,526.6276,498.7724,-187.1774,-161.5934,238.2124,215698382
854353810165,85,480.5269,526.4418,498.6554,-29.2774,-75.0363,16.8521,215697969
854353810171,85,480.6311,526.4722,498.7566,-73.0681,-548.1085,336.193,215697969
854353810173,85,480.7601,526.6229,498.6098,-577.9675,-570.2774,170.2301,215697969
854353810174,85,480.468,526.4277,498.7509,243.2657,-385.7378,95.6311,215698382
854353810182,85,480.5362,526.5375,498.5963,121.6639,-491.247,299.8471,215697969
854354858748,85,480.4132,526.6806,498.5399,-69.1269,-455.0146,16.8122,215698382
854354858749,85,480.4695,526.7524,498.5738,-89.3325,-425.8667,-16.8382,215697969
854355890895,85,480.5679,526.5955,498.4692,232.852,150.6,-185.9932,215697969
854355890904,85,480.2149,526.4532,498.4846,96.2205,67.752,-387.2722,215698382
854356939480,85,480.1549,526.4983,498.4239,101.4431,29.6399,-374.2485,215698382
854356939488,85,480.1852,526.4561,498.4222,90.076,70.7562,-356.4738,215698382
#OK
